Project Name,Language,CM Builds,CM Passed Builds,CM Broken Builds,CM Broken Build p,OM Builds,OM Passed Builds,OM Broken Builds,OM Broken Build p
47deg/appsly-android-rest,java,214,4,210,98.13084,4,0,4,100
abarisain/dmix,java,330,257,73,22.121212,17,11,6,35.294117
activeadmin/activeadmin,java,1481,1201,280,18.906145,2760,2250,510,18.47826
activerecord-hackery/ransack,ruby,14683,12060,2623,17.864197,519,228,291,56.069363
activerecord-hackery/squeel,ruby,632,491,141,22.310127,3272,2281,991,30.287287
activewarehouse/activewarehouse-etl,java,510,102,408,80,100,60,40,40
adamfisk/LittleProxy,java,303,212,91,30.033005,4,4,0,0
addthis/stream-lib,ruby,327,273,54,16.513762,54,24,30,55.555557
adelevie/parse-ruby-client,ruby,262,199,63,24.045801,38,38,0,0
adelevie/parse_resource,ruby,76,31,45,59.210526,10,10,0,0
adhearsion/adhearsion,ruby,3404,987,2417,71.0047,65,17,48,73.84615
afeld/magickly,ruby,244,130,114,46.721313,18,11,7,38.88889
agoragames/leaderboard,ruby,157,143,14,8.917197,8,7,1,12.5
ai/autoprefixer-rails,ruby,3983,3701,282,7.08009,498,480,18,3.6144576
ai/r18n,ruby,700,479,221,31.57143,4,4,0,0
airbnb/nerve,ruby,47,42,5,10.638298,34,29,5,14.705883
airbnb/synapse,java,23,23,0,0,47,31,16,34.042553
airlift/airlift,java,375,120,255,68,34,31,3,8.823529
airlift/slice,ruby,59,54,5,8.474577,12,9,3,25
Albacore/albacore,java,739,476,263,35.588634,243,194,49,20.164608
albertlatacz/java-repl,java,206,201,5,2.4271843,1,0,1,100
alecgorge/jsonapi,ruby,85,60,25,29.411766,3,0,3,100
alexreisner/geocoder,ruby,2009,1476,533,26.530611,196,152,44,22.448978
alisnic/nyny,ruby,355,219,136,38.30986,6,6,0,0
alt3/cakebox,ruby,55,0,55,100,1,0,1,100
alvinsj/flatten_record,ruby,291,269,22,7.5601377,12,8,4,33.333336
amahi/platform,ruby,465,389,76,16.344086,13,12,1,7.692308
amatsuda/active_decorator,ruby,1210,859,351,29.008263,11,0,11,100
amatsuda/kaminari,ruby,9516,5097,4419,46.43758,2965,2420,545,18.381113
ananthakumaran/fake_dynamo,ruby,273,199,74,27.106228,47,35,12,25.531916
ankane/groupdate,ruby,1319,946,373,28.279001,99,84,15,15.151516
ankane/searchkick,java,2853,2392,461,16.15843,308,248,60,19.480518
antirez/redis-doc,java,332,316,16,4.819277,89,69,20,22.47191
aol/micro-server,java,89,37,52,58.426964,22,15,7,31.818182
apache/drill,java,124,0,124,100,313,0,313,100
apache/flink,java,4242,2148,2094,49.36351,1673,775,898,53.676033
apache/jackrabbit-oak,java,5598,2414,3184,56.877457,1302,636,666,51.152073
apache/sling,java,3754,0,3754,100,3839,0,3839,100
apache/storm,java,48,16,32,66.66667,172,46,126,73.25581
apache/tajo,ruby,361,276,85,23.545706,359,272,87,24.233984
apneadiving/Google-Maps-for-Rails,ruby,537,280,257,47.858475,15,0,15,100
applicationsonline/librarian,ruby,5,0,5,100,1320,984,336,25.454544
aprescott/serif,ruby,763,675,88,11.533421,5,5,0,0
aq1018/mongoid-history,ruby,563,422,141,25.044405,58,14,44,75.86207
arangamani/jenkins_api_client,ruby,3321,2346,975,29.35863,218,194,24,11.009174
arches/table_print,ruby,1125,683,442,39.28889,8,8,0,0
ari/jobsworth,ruby,391,107,284,72.63428,655,189,466,71.14504
arsduo/batch_api,ruby,185,127,58,31.351353,12,6,6,50
arsduo/koala,java,1612,933,679,42.12159,132,113,19,14.393939
artem-zinnatullin/android-wail-app,ruby,30,24,6,20,44,35,9,20.454546
ArturT/knapsack,ruby,1694,1398,296,17.473434,10,5,5,50
asakusarb/action_args,java,1473,1064,409,27.766462,462,426,36,7.7922077
asciidocfx/AsciidocFX,ruby,330,286,44,13.333334,139,125,14,10.071942
asciidoctor/asciidoctor,ruby,2577,2284,293,11.369809,2070,1945,125,6.0386477
asciidoctor/asciidoctor-diagram,ruby,255,220,35,13.725491,16,12,4,25
asciinema/asciinema.org,ruby,1698,899,799,47.05536,6,6,0,0
ashmckenzie/percheron,ruby,227,198,29,12.775331,21,18,3,14.285715
asm-helpful/helpful-web,ruby,661,486,175,26.475039,53,44,9,16.981133
assaf/vanity,ruby,9612,9171,441,4.588015,1942,1759,183,9.423275
atmos/heaven,ruby,101,73,28,27.722773,4,4,0,0
attr-encrypted/attr_encrypted,ruby,557,361,196,35.18851,110,20,90,81.818184
avdi/naught,ruby,330,298,32,9.696969,4,4,0,0
avoinministerio/avoinministerio,ruby,151,0,151,100,20,0,20,100
awestruct/awestruct,java,5136,3537,1599,31.133179,317,133,184,58.044167
aws/aws-sdk-java,ruby,608,574,34,5.5921054,581,334,247,42.51291
aws/aws-sdk-ruby,java,4623,4030,593,12.827168,1135,1119,16,1.4096917
azagniotov/stubby4j,java,1179,1028,151,12.807465,236,216,20,8.474577
Azure/azure-sdk-for-ruby,java,151,133,18,11.920529,12,12,0,0
AzureAD/azure-activedirectory-library-for-android,ruby,65,33,32,49.23077,216,90,126,58.333332
balanced/balanced-ruby,java,673,401,272,40.416046,47,27,20,42.553192
bartdag/py4j,java,169,114,55,32.544376,3,3,0,0
BaseXdb/basex,java,182,146,36,19.78022,1,1,0,0
basho/riak-java-client,ruby,65,34,31,47.692307,4,4,0,0
bbatsov/powerpack,ruby,294,286,8,2.7210884,11,8,3,27.272728
bbatsov/rubocop,ruby,6969,5801,1168,16.759937,77,77,0,0
BBC-News/wraith,ruby,511,430,81,15.851273,44,28,16,36.363636
bear-metal/tunemygc,ruby,927,802,125,13.484359,48,32,16,33.333336
bellycard/napa,ruby,151,147,4,2.6490066,3,3,0,0
bemyeyes/bemyeyes-server,ruby,1,0,1,100,134,0,134,100
benbalter/gman,ruby,385,299,86,22.337662,1,1,0,0
benbalter/jekyll-auth,ruby,146,115,31,21.232876,3,3,0,0
benbalter/word-to-markdown,ruby,207,90,117,56.521736,1,1,0,0
benhoskings/babushka,ruby,2053,1519,534,26.010715,100,95,5,5
benjaminoakes/maid,ruby,53,36,17,32.07547,1411,1145,266,18.851877
bensie/sshkey,java,923,515,408,44.203682,148,126,22,14.864865
Berico-Technologies/CLAVIN,ruby,40,26,14,35,32,8,24,75
berkshelf/berkshelf-api,ruby,1087,352,735,67.617294,123,102,21,17.073172
berkshelf/vagrant-berkshelf,ruby,317,204,113,35.64669,2,2,0,0
bflad/chef-docker,ruby,592,415,177,29.89865,14,8,6,42.857143
bikeindex/bike_index,ruby,1009,939,70,6.937562,157,137,20,12.738853
binarylogic/authlogic,java,559,389,170,30.41145,114,11,103,90.350876
biojava/biojava,java,364,239,125,34.34066,92,74,18,19.565218
bitcoinj/bitcoinj,java,301,234,67,22.259136,148,120,28,18.918919
bitsofproof/supernode,ruby,3,1,2,66.66667,550,472,78,14.181818
bkeepers/dotenv,ruby,856,585,271,31.658878,65,47,18,27.692308
bkeepers/qu,ruby,422,388,34,8.056872,22,12,10,45.454548
blowmage/minitest-rails,java,1401,638,763,54.461098,73,20,53,72.60274
bndtools/bnd,java,111,103,8,7.207207,145,118,27,18.62069
bndtools/bndtools,ruby,116,111,5,4.3103447,69,64,5,7.2463765
bokmann/business_time,ruby,278,265,13,4.676259,19,19,0,0
bokmann/font-awesome-rails,java,894,701,193,21.588367,54,27,27,50
bostonrb/bostonrb,ruby,28,12,16,57.14286,37,19,18,48.64865
boxen/boxen,ruby,283,203,80,28.26855,89,22,67,75.2809
boxen/puppet-boxen,ruby,144,102,42,29.166666,11,11,0,0
boxen/puppet-osx,ruby,52,44,8,15.384616,12,10,2,16.666668
bploetz/versionist,java,1389,352,1037,74.65803,293,48,245,83.617744
brettwooldridge/HikariCP,ruby,1739,1596,143,8.223116,4,4,0,0
brewster/elastictastic,java,180,29,151,83.888885,6,1,5,83.33333
brianfrankcooper/YCSB,ruby,46,42,4,8.695652,60,52,8,13.333334
brianmario/mysql2,ruby,1627,1125,502,30.854332,131,102,29,22.137405
brigade/overcommit,java,3398,2869,529,15.567981,811,705,106,13.070284
broadinstitute/picard,java,913,858,55,6.0240965,76,66,10,13.157895
brooklyncentral/clocker,ruby,415,365,50,12.048193,10,10,0,0
brooklynDev/airborne,ruby,321,258,63,19.62617,48,47,1,2.0833335
browsermedia/browsercms,java,118,8,110,93.220345,9,0,9,100
bruno-medeiros/DDT,java,117,54,63,53.846157,247,175,72,29.149797
bugsnag/bugsnag-ruby,java,3229,2323,906,28.058222,66,54,12,18.181818
BuildCraft/BuildCraft,java,1462,837,625,42.749657,92,42,50,54.347824
bumptech/glide,ruby,99,98,1,1.010101,7,7,0,0
burke/zeus,ruby,371,252,119,32.07547,35,29,6,17.142859
burtlo/ark,ruby,5,1,4,80,237,84,153,64.55696
bwillis/versioncake,ruby,967,943,24,2.4819028,346,251,95,27.456648
byroot/activerecord-typedstore,java,1948,1681,267,13.706366,58,50,8,13.793103
caelum/mamute,java,195,143,52,26.666668,19,6,13,68.42105
caelum/tubaina,java,68,43,25,36.764706,34,18,16,47.058823
caelum/vraptor,java,135,114,21,15.555556,40,37,3,7.5000005
caelum/vraptor4,ruby,1448,1305,143,9.87569,329,296,33,10.030395
calabash/calabash-ios,ruby,739,612,127,17.185385,6,6,0,0
calagator/calagator,ruby,2978,2455,523,17.562122,628,498,130,20.700636
camping/camping,ruby,352,229,123,34.94318,295,140,155,52.54237
CanCanCommunity/cancancan,ruby,4512,2512,2000,44.32624,717,580,137,19.107393
cantino/huginn,ruby,2298,2014,284,12.358572,225,174,51,22.666668
cantino/reckon,ruby,76,74,2,2.631579,12,12,0,0
carrierwaveuploader/carrierwave,java,3944,1155,2789,70.71501,305,134,171,56.06557
carymrobbins/intellij-haskforce,ruby,664,566,98,14.759035,688,614,74,10.755814
Casecommons/pg_search,java,7679,6661,1018,13.256934,1271,1161,110,8.654603
cassianoleal/vagrant-butcher,java,96,82,14,14.583333,8,7,1,12.5
cbeust/testng,ruby,361,284,77,21.32964,6,6,0,0
ccocchi/rabl-rails,ruby,346,279,67,19.364162,242,212,30,12.396694
celluloid/celluloid,ruby,9549,5085,4464,46.748352,247,111,136,55.060726
celluloid/celluloid-io,ruby,1578,528,1050,66.539925,45,7,38,84.44444
celluloid/celluloid-zmq,ruby,609,290,319,52.380955,10,0,10,100
celluloid/dcell,ruby,894,415,479,53.57942,23,12,11,47.826088
celluloid/reel,ruby,2484,1780,704,28.341385,137,126,11,8.029197
celluloid/timers,ruby,544,383,161,29.595589,16,16,0,0
ceph/ceph-cookbook,ruby,104,94,10,9.615385,2,2,0,0
cerebris/jsonapi-resources,ruby,2117,2021,96,4.534719,93,93,0,0
cgriego/active_attr,ruby,1606,1136,470,29.265255,424,239,185,43.632076
chanks/que,ruby,576,16,560,97.22222,15,0,15,100
charliesome/better_errors,ruby,239,217,22,9.205021,9,5,4,44.444447
charlotte-ruby/impressionist,java,351,181,170,48.43305,554,395,159,28.700361
checkstyle/checkstyle,ruby,3677,3477,200,5.4392166,8797,8176,621,7.0592246
cheezy/page-object,ruby,1185,847,338,28.523207,135,87,48,35.555557
chef/chef,ruby,134774,105522,29252,21.704483,54130,42928,11202,20.694624
chef/omnibus,java,88,85,3,3.409091,29,24,5,17.241379
chocoteam/choco3,ruby,213,0,213,100,200,0,200,100
ci-reporter/ci_reporter,ruby,72,72,0,0,63,3,60,95.2381
clayallsopp/formotion,java,75,39,36,48,11,0,11,100
cloudfoundry/cloud_controller_ng,java,8396,6423,1973,23.499285,1238,986,252,20.355412
cloudfoundry/uaa,ruby,2685,2332,353,13.147114,144,136,8,5.555556
cloudfoundry/warden,java,611,466,145,23.731588,234,227,7,2.991453
CloudifySource/cloudify,ruby,70,61,9,12.857143,452,408,44,9.734513
code-mancers/invoker,java,605,446,159,26.280993,28,25,3,10.714286
code4craft/webmagic,ruby,2,2,0,0,1166,1048,118,10.120069
codebrew/backbone-rails,ruby,73,60,13,17.80822,26,23,3,11.538462
codefirst/AsakusaSatellite,ruby,1029,955,74,7.1914477,3,3,0,0
codeforamerica/adopt-a-hydrant,ruby,301,289,12,3.986711,49,49,0,0
codeforamerica/citygram,ruby,1012,897,115,11.363637,32,32,0,0
codeforamerica/follow-all,ruby,209,206,3,1.4354067,207,207,0,0
codeforamerica/textizen,ruby,52,2,50,96.15385,250,18,232,92.799995
codetriage/codetriage,ruby,313,265,48,15.335463,16,14,2,12.5
codevise/pageflow,ruby,507,492,15,2.95858,45,45,0,0
coinbase/toshi,ruby,165,150,15,9.090909,28,22,6,21.428572
colinsurprenant/redstorm,ruby,154,125,29,18.831167,2,1,1,50
collectiveidea/audited,ruby,680,385,295,43.38235,138,106,32,23.188406
collectiveidea/awesome_nested_set,ruby,21583,4327,17256,79.95182,580,363,217,37.413795
collectiveidea/interactor,ruby,52,52,0,0,16,16,0,0
collectiveidea/json_spec,ruby,225,223,2,0.8888889,31,21,10,32.258064
colszowka/simplecov,ruby,1454,716,738,50.75653,132,81,51,38.636364
comfy/comfortable-mexican-sofa,ruby,3369,2652,717,21.28228,128,79,49,38.28125
Compass/compass-rails,ruby,1406,1095,311,22.119488,49,32,17,34.69388
concerto/concerto,java,156,116,40,25.641027,35,24,11,31.428572
coorasse/Airesis,java,603,109,494,81.92371,1,0,1,100
crawljax/crawljax,ruby,122,63,59,48.360653,1,1,0,0
crowdint/rails3-jquery-autocomplete,ruby,54,50,4,7.4074073,29,29,0,0
cryptosphere/rbnacl,ruby,3053,2577,476,15.591222,56,42,14,25
csc/Hanlon,ruby,48,47,1,2.0833335,10,10,0,0
ctran/annotate_models,java,118,73,45,38.135593,12,1,11,91.66667
CyberAgent/android-gpuimage,ruby,28,11,17,60.714287,1,0,1,100
cypriss/mutations,ruby,166,134,32,19.277107,28,16,12,42.857143
cyu/rack-cors,java,63,52,11,17.460318,2,2,0,0
danielweinmann/catarse,ruby,451,133,318,70.50998,133,34,99,74.4361
danmayer/coverband,ruby,108,46,62,57.40741,35,26,9,25.714287
danmunn/redmine_dmsf,ruby,708,166,542,76.55367,118,24,94,79.66102
dannnylo/rtesseract,ruby,217,146,71,32.718895,63,31,32,50.793655
data-axle/cassandra_object,ruby,409,84,325,79.462105,6,4,2,33.333336
DatabaseCleaner/database_cleaner,ruby,219,162,57,26.027397,107,83,24,22.429905
datamapper/do,java,450,295,155,34.444447,40,40,0,0
datastax/java-driver,ruby,996,798,198,19.879519,42,36,6,14.285715
datastax/ruby-driver,ruby,3354,1712,1642,48.95647,45,15,30,66.66667
davetron5000/gli,ruby,561,338,223,39.750446,98,72,26,26.530611
davetron5000/methadone,ruby,785,490,295,37.579617,26,20,6,23.076923
davidcelis/recommendable,java,812,630,182,22.413794,3,0,3,100
davidmoten/rxjava-jdbc,ruby,589,580,9,1.5280136,3,3,0,0
dblock/rspec-rerun,java,647,568,79,12.2102,24,14,10,41.666664
dblock/waffle,ruby,667,584,83,12.443778,4,4,0,0
ddollar/foreman,java,909,702,207,22.772278,56,52,4,7.1428576
deeplearning4j/deeplearning4j,ruby,1742,253,1489,85.47646,45,4,41,91.111115
defunkt/fakefs,ruby,371,253,118,31.80593,357,293,64,17.927172
dejan/auto_html,ruby,223,192,31,13.901345,28,24,4,14.285715
devnied/EMV-NFC-Paycard-Enrollment,java,296,240,56,18.918919,13,13,0,0
dianping/cat,ruby,199,131,68,34.170853,8,5,3,37.5
diaspora/diaspora,java,8576,4171,4405,51.364273,1971,660,1311,66.514465
discourse/onebox,java,131,123,8,6.10687,67,55,12,17.910448
dita-ot/dita-ot,ruby,23,22,1,4.347826,856,781,75,8.7616825
dkubb/adamantium,ruby,735,499,236,32.108845,29,8,21,72.41379
dkubb/axiom,ruby,754,451,303,40.185677,198,110,88,44.444447
dkubb/equalizer,ruby,927,563,364,39.266453,198,106,92,46.464645
dkubb/ice_nine,ruby,1016,609,407,40.059055,18,6,12,66.66667
dkubb/memoizable,ruby,858,687,171,19.93007,182,23,159,87.36263
dmarcotte/github-markdown-preview,java,502,433,69,13.74502,36,30,6,16.666668
doanduyhai/Achilles,ruby,933,870,63,6.7524114,83,81,2,2.4096384
dockyard/party_foul,ruby,291,231,60,20.618557,25,25,0,0
doorkeeper-gem/doorkeeper,java,5580,4527,1053,18.870968,758,566,192,25.329817
DozerMapper/dozer,ruby,95,56,39,41.05263,57,48,9,15.789473
dradis/dradisframework,ruby,164,27,137,83.53658,87,0,87,100
drapergem/draper,ruby,9009,5434,3575,39.68254,448,240,208,46.42857
drbrain/net-http-persistent,java,244,192,52,21.311476,16,12,4,25
dreamhead/moco,ruby,3063,2513,550,17.956253,42,33,9,21.428572
dropwizard/dropwizard,java,952,878,74,7.7731094,70,61,9,12.857143
dropwizard/metrics,ruby,340,307,33,9.705882,148,119,29,19.594595
drrb/puppet-library,java,1711,1379,332,19.403856,8,8,0,0
druid-io/druid,java,761,544,217,28.515112,14,14,0,0
DSpace/DSpace,java,681,637,44,6.4610868,92,89,3,3.2608695
dynjs/dynjs,ruby,809,687,122,15.080346,52,50,2,3.846154
eclipse/jetty.project,ruby,6,0,6,100,250,12,238,95.200005
edelight/chef-mongodb,ruby,111,90,21,18.918919,9,9,0,0
egonSchiele/contracts.ruby,java,1357,1127,230,16.949154,47,39,8,17.021276
eirslett/frontend-maven-plugin,ruby,220,110,110,50,6,6,0,0
ejholmes/metaforce,ruby,338,264,74,21.893492,10,0,10,100
elabs/pundit,ruby,1131,900,231,20.424404,23,4,19,82.608696
elcuervo/airplay,java,280,137,143,51.07143,34,22,12,35.294117
electronicarts/orbit,ruby,186,175,11,5.9139786,8,8,0,0
elm-city-craftworks/practicing-ruby-web,ruby,860,695,165,19.186047,70,44,26,37.142857
emberjs/ember-rails,java,76,60,16,21.052631,370,325,45,12.162163
embulk/embulk,java,516,483,33,6.395349,31,26,5,16.129032
emilsjolander/sprinkles,ruby,108,36,72,66.66667,1,0,1,100
EmmanuelOga/ffaker,ruby,559,331,228,40.787117,64,19,45,70.3125
encrypt-to/encrypt.to,ruby,184,152,32,17.391304,11,11,0,0
engineyard/engineyard,ruby,1038,572,466,44.894028,51,40,11,21.568628
engineyard/engineyard-serverside,ruby,1086,928,158,14.548802,20,10,10,50
engineyard/ey-cloud-recipes,java,273,261,12,4.3956046,120,100,20,16.666668
englishtown/vertx-jersey,ruby,133,104,29,21.804512,11,8,3,27.272728
enspiral/loomio,ruby,122,45,77,63.114758,1,1,0,0
ericam/susy,ruby,345,323,22,6.376812,3,3,0,0
erikhuda/thor,ruby,582,477,105,18.041237,62,49,13,20.967741
errbit/errbit,ruby,2031,1689,342,16.838997,83,73,10,12.048193
escapestudios-cookbooks/newrelic,java,445,212,233,52.35955,20,12,8,40
Esri/geometry-api-java,java,132,123,9,6.818182,105,105,0,0
essentials/Essentials,ruby,2145,1897,248,11.561771,473,391,82,17.336153
eventmachine/eventmachine,ruby,809,314,495,61.186646,100,76,24,24
everzet/capifony,ruby,101,98,3,2.970297,7,7,0,0
evolve75/RubyTree,java,3679,2506,1173,31.883663,26,26,0,0
excon/excon,java,3070,2200,870,28.338762,69,60,9,13.043478
eXist-db/exist,ruby,662,543,119,17.97583,14,14,0,0
expertiza/expertiza,ruby,625,260,365,58.399998,171,59,112,65.49708
express42/zabbixapi,java,239,149,90,37.656902,15,9,6,40
exteso/alf.io,java,309,300,9,2.9126215,10,10,0,0
fabiomaffioletti/jsondoc,java,336,336,0,0,12,12,0,0
facebook/buck,java,41,29,12,29.268291,109,61,48,44.036697
facebook/presto,java,1847,911,936,50.676773,230,123,107,46.52174
facebook/rebound,java,96,78,18,18.75,1,0,1,100
FasterXML/jackson-annotations,java,102,92,10,9.803922,18,17,1,5.555556
FasterXML/jackson-core,java,247,229,18,7.2874494,1,1,0,0
FasterXML/jackson-databind,ruby,840,711,129,15.357142,8,4,4,50
fastestforward/heroku_san,ruby,265,174,91,34.339622,6,6,0,0
fastlane/spaceship,ruby,675,525,150,22.222223,15,12,3,20
fatfreecrm/fat_free_crm,ruby,3671,1933,1738,47.344048,464,144,320,68.965515
faye/faye-websocket-ruby,ruby,1029,381,648,62.973763,1061,599,462,43.543827
feedbin/feedbin,ruby,605,507,98,16.198347,4,4,0,0
felipecsl/wombat,java,145,136,9,6.2068963,24,24,0,0
FenixEdu/fenixedu-academic,java,64,64,0,0,4,4,0,0
fernandezpablo85/scribe-java,ruby,60,57,3,5,6,6,0,0
fgrehm/vagrant-lxc,ruby,638,596,42,6.583072,26,22,4,15.384616
fgrehm/ventriloquist,java,143,133,10,6.9930067,1,1,0,0
Findwise/Hydra,ruby,236,215,21,8.898305,37,31,6,16.216215
floere/phony,ruby,2856,2501,355,12.429972,51,48,3,5.882353
flood-io/ruby-jmeter,java,138,58,80,57.971012,33,32,1,3.030303
flori/json,ruby,1128,666,462,40.957447,186,116,70,37.634407
fluent/fluent-logger-ruby,ruby,305,232,73,23.934427,51,18,33,64.70589
fluent/fluent-plugin-s3,ruby,316,272,44,13.92405,15,15,0,0
fluent/fluentd,ruby,4796,4255,541,11.280233,773,731,42,5.4333763
flyerhzm/bullet,ruby,3347,2135,1212,36.211533,54,34,20,37.037037
fnando/browser,ruby,803,687,116,14.4458275,47,42,5,10.638298
fog/fog,ruby,7628,4744,2884,37.808075,820,505,315,38.414635
FontCustom/fontcustom,java,502,397,105,20.916336,3,0,3,100
foursquare/fongo,java,174,164,10,5.7471266,41,39,2,4.8780484
foursquare/twofishes,ruby,423,137,286,67.61229,2,0,2,100
fphilipe/premailer-rails,ruby,1140,570,570,50,28,4,24,85.71429
frab/frab,ruby,46,38,8,17.391304,2,2,0,0
franckverrot/activevalidators,java,460,305,155,33.695652,18,9,9,50
frankiesardo/icepick,ruby,79,1,78,98.73418,3,0,3,100
fredjean/middleman-s3_sync,ruby,455,445,10,2.1978023,10,6,4,40
freerange/mocha,java,7339,5479,1860,25.344053,451,396,55,12.195122
Frege/frege,ruby,233,195,38,16.309013,63,60,3,4.7619047
Fullscreen/bh,ruby,116,116,0,0,12,12,0,0
futuresimple/android-db-commons,java,104,99,5,4.8076925,4,4,0,0
gamache/hyperresource,ruby,724,393,331,45.71823,8,8,0,0
garethr/garethr-docker,ruby,1686,1610,76,4.5077105,60,60,0,0
garybernhardt/selecta,ruby,78,73,5,6.410257,7,5,2,28.57143
gavinlaking/vedeu,ruby,1387,1288,99,7.1377077,1,1,0,0
gazay/gon,ruby,622,420,202,32.475883,184,160,24,13.043478
Gazler/githug,ruby,462,418,44,9.523809,85,74,11,12.941177
Gazler/rapidash,ruby,390,336,54,13.846154,58,34,24,41.37931
gedankenstuecke/snpr,ruby,1064,629,435,40.883457,286,236,50,17.482517
geminabox/geminabox,java,109,100,9,8.256881,6,2,4,66.66667
geoserver/geoserver,java,1889,616,1273,67.39015,382,123,259,67.80105
getsentry/raven-java,ruby,425,329,96,22.588236,33,20,13,39.39394
gettalong/kramdown,ruby,89,17,72,80.89887,414,267,147,35.507248
ging/social_stream,ruby,4807,3515,1292,26.877472,1326,806,520,39.215687
git/git-scm.com,ruby,225,188,37,16.444445,33,26,7,21.212122
github/developer.github.com,ruby,385,202,183,47.532467,28,19,9,32.142857
github/gemoji,ruby,100,75,25,25,9,9,0,0
github/github-services,ruby,260,235,25,9.615385,31,27,4,12.903225
github/hub,ruby,751,565,186,24.766977,44,40,4,9.090909
github/linguist,ruby,7568,5561,2007,26.519554,672,517,155,23.065475
github/pages-gem,ruby,209,199,10,4.784689,1,1,0,0
gitlabhq/gitlab-ci,ruby,660,445,215,32.575756,45,30,15,33.333336
gitlabhq/gitlab-ci-runner,ruby,42,34,8,19.047619,14,14,0,0
gjtorikian/html-proofer,ruby,1323,973,350,26.455027,265,202,63,23.773584
glebm/i18n-tasks,ruby,3288,2655,633,19.251825,276,230,46,16.666668
glebm/rails_email_preview,ruby,1369,829,540,39.444847,8,4,4,50
glejeune/Ruby-Graphviz,java,308,226,82,26.623377,21,16,5,23.809525
GlowstoneMC/Glowstone,ruby,170,164,6,3.529412,33,33,0,0
gma/nesta,java,187,99,88,47.058823,67,60,7,10.447762
go-lang-plugin-org/go-lang-idea-plugin,ruby,1140,971,169,14.824562,117,112,5,4.2735043
gocardless/hutch,ruby,318,300,18,5.6603775,14,12,2,14.285715
gocardless/statesman,java,561,498,63,11.229946,239,214,25,10.460251
gogotanaka/Rubype,java,453,366,87,19.205297,10,10,0,0
goodow/realtime-store,java,1,0,1,100,31,18,13,41.935482
google/auto,java,236,202,34,14.406779,13,11,2,15.384616
google/closure-compiler,java,502,480,22,4.38247,45,44,1,2.2222223
google/error-prone,ruby,201,195,6,2.9850745,28,26,2,7.1428576
google/google-api-ruby-client,java,1430,1008,422,29.510489,97,53,44,45.360825
google/guava,java,84,64,20,23.809525,227,151,76,33.480175
google/guice,java,510,405,105,20.588236,60,60,0,0
google/physical-web,ruby,6,6,0,0,1,1,0,0
google/signet,java,489,250,239,48.875256,78,39,39,50
google/truth,java,185,152,33,17.837837,65,35,30,46.153847
GoogleCloudPlatform/DataflowJavaSDK,java,164,141,23,14.02439,277,231,46,16.606499
gradle/gradle,java,3348,3059,289,8.632019,400,369,31,7.75
grails/grails-core,java,327,148,179,54.74006,8,4,4,50
graphhopper/graphhopper,java,2905,2651,254,8.743546,81,69,12,14.814815
Graylog2/graylog2-server,ruby,2068,1971,97,4.690522,3534,3040,494,13.978495
greenrobot/greenDAO,ruby,15,14,1,6.666667,29,7,22,75.86207
gregorym/bump,java,284,108,176,61.971832,49,27,22,44.897957
gresrun/jesque,java,238,207,31,13.02521,6,6,0,0
grocer/grocer,ruby,226,158,68,30.088497,66,48,18,27.272728
grosser/fast_gettext,ruby,415,309,106,25.54217,9,9,0,0
grosser/parallel,ruby,561,346,215,38.32442,27,26,1,3.7037036
grosser/parallel_tests,ruby,1301,623,678,52.113758,108,47,61,56.48148
grosser/wwtd,ruby,352,171,181,51.420456,98,77,21,21.428572
Growstuff/growstuff,java,398,353,45,11.306533,48,37,11,22.916668
grpc/grpc-java,ruby,292,251,41,14.041096,22,20,2,9.090909
guard/guard,ruby,4586,3310,1276,27.823812,254,196,58,22.834644
guard/guard-livereload,ruby,361,312,49,13.573406,10,10,0,0
guard/guard-minitest,ruby,3768,3046,722,19.161358,246,98,148,60.162605
guard/guard-rspec,ruby,2382,2146,236,9.90764,110,82,28,25.454544
guard/guard-spork,ruby,443,377,66,14.898419,36,31,5,13.888889
guard/listen,ruby,4774,1972,2802,58.69292,236,73,163,69.067795
gwtbootstrap/gwt-bootstrap,java,225,166,59,26.222223,262,237,25,9.541985
gwtbootstrap3/gwtbootstrap3,java,84,82,2,2.3809524,28,24,4,14.285715
h3xstream/find-sec-bugs,ruby,94,79,15,15.957446,3,3,0,0
hacketyhack/hackety-hack.com,java,68,36,32,47.058823,13,8,5,38.46154
haiwen/seadroid,ruby,364,319,45,12.3626375,6,6,0,0
hakanensari/vacuum,java,755,529,226,29.933775,15,12,3,20
hamcrest/JavaHamcrest,ruby,210,198,12,5.714286,208,173,35,16.826923
haml/haml,ruby,3072,2349,723,23.535156,565,523,42,7.433628
hamstergem/hamster,ruby,1311,837,474,36.155605,217,121,96,44.23963
hashrocket/decent_exposure,java,92,54,38,41.304348,508,419,89,17.519686
helun/Ektorp,ruby,184,160,24,13.043478,10,10,0,0
heroku/heroku,ruby,7386,6019,1367,18.507988,547,364,183,33.45521
heroku/heroku-buildpack-ruby,ruby,674,374,300,44.510384,24,11,13,54.166668
heroku/heroku.rb,ruby,568,354,214,37.676056,69,61,8,11.594203
hexorx/countries,ruby,294,262,32,10.884354,41,41,0,0
hiki/hiki,ruby,322,232,90,27.95031,8,6,2,25
hipchat/hipchat-rb,ruby,57,55,2,3.508772,95,91,4,4.2105265
holman/boom,ruby,63,52,11,17.460318,6,2,4,66.66667
Homebrew/homebrew-bundle,ruby,53,43,10,18.867926,241,207,34,14.107884
Homebrew/homebrew-science,ruby,8,4,4,50,213,86,127,59.624416
honeybadger-io/honeybadger-ruby,java,11698,9359,2339,19.994871,547,420,127,23.21755
hotchemi/Android-Rate,ruby,94,67,27,28.723404,1,1,0,0
hotsh/rstat.us,java,276,194,82,29.710144,22,18,4,18.181818
hstaudacher/osgi-jax-rs-connector,ruby,105,98,7,6.666667,17,15,2,11.764706
hsz/idea-gitignore,ruby,283,202,81,28.621908,160,148,12,7.5000005
htty/htty,java,456,424,32,7.017544,10,10,0,0
HubSpot/Singularity,ruby,5169,3099,2070,40.04643,39,24,15,38.46154
huerlisi/bookyt,ruby,21,16,5,23.809525,132,3,129,97.72727
hw-cookbooks/graphite,ruby,167,138,29,17.365269,144,87,57,39.583336
hybridgroup/artoo,ruby,241,234,7,2.9045644,149,141,8,5.3691278
ianheggie/health_check,ruby,3429,1816,1613,47.03995,19,0,19,100
iconara/cql-rb,java,1529,941,588,38.45651,45,40,5,11.111112
IDPF/epubcheck,java,82,73,9,10.97561,3,3,0,0
igniterealtime/Openfire,java,119,117,2,1.6806724,28,27,1,3.5714288
igniterealtime/Smack,ruby,48,45,3,6.25,7,7,0,0
igrigorik/http-2,java,39,34,5,12.820514,18,12,6,33.333336
iipc/openwayback,java,99,75,24,24.242424,21,21,0,0
iluwatar/java-design-patterns,ruby,191,185,6,3.141361,19,19,0,0
imathis/octopress,ruby,550,452,98,17.818182,19,17,2,10.526316
increments/qiita-markdown,ruby,186,160,26,13.978495,94,88,6,6.382979
inf0rmer/blanket,ruby,66,63,3,4.5454545,2,2,0,0
influitive/apartment,ruby,1968,1534,434,22.052845,304,274,30,9.868422
influxdb/influxdb-ruby,ruby,1160,536,624,53.793102,58,6,52,89.655174
infochimps-labs/wukong,ruby,10,0,10,100,137,4,133,97.08029
innoq/iqvoc,ruby,1093,652,441,40.347664,2243,1407,836,37.27151
inossidabile/protector,ruby,865,703,162,18.728323,9,3,6,66.66667
instructure/canvas-lms,ruby,3209,924,2285,71.205986,2913,748,2165,74.32201
integrallis/stripe_event,ruby,1478,1178,300,20.2977,26,8,18,69.230774
integrity/integrity,ruby,311,173,138,44.37299,34,19,15,44.11765
interagent/pliny,ruby,1237,1095,142,11.479386,9,9,0,0
interagent/prmd,ruby,256,212,44,17.1875,14,8,6,42.857143
intercom/intercom-ruby,ruby,334,256,78,23.353294,765,411,354,46.27451
intridea/hashie,ruby,838,703,135,16.109785,291,243,48,16.494844
intridea/oauth2,ruby,129,70,59,45.736435,314,252,62,19.745224
intridea/omniauth,ruby,1052,850,202,19.20152,638,458,180,28.213167
intuit/simple_deploy,ruby,752,634,118,15.691489,375,331,44,11.733333
inukshuk/bibtex-ruby,ruby,964,609,355,36.825726,49,42,7,14.285715
inukshuk/jekyll-scholar,ruby,689,642,47,6.8214803,88,88,0,0
inviqa/chef-php-extra,ruby,74,68,6,8.108108,22,16,6,27.272728
ioquatix/rubydns,java,690,502,188,27.246376,14,4,10,71.42857
isaiah/jubilee,ruby,173,83,90,52.023117,11,0,11,100
ivaldi/brimir,ruby,2344,2118,226,9.641639,556,296,260,46.76259
jaimeiniesta/metainspector,java,742,654,88,11.859838,18,18,0,0
jakenjarvis/Android-OrmLiteContentProvider,java,114,48,66,57.894737,63,16,47,74.60318
JakeWharton/DiskLruCache,java,47,42,5,10.638298,2,2,0,0
jamesagnew/hapi-fhir,ruby,3,0,3,100,92,56,36,39.130436
jarib/childprocess,java,1777,998,779,43.83793,118,94,24,20.338982
Jasig/cas,ruby,1723,934,789,45.79222,50,15,35,70
jasmine/jasmine-gem,java,1906,1238,668,35.04722,741,525,216,29.149797
javaee-samples/javaee7-samples,java,32,0,32,100,244,0,244,100
JavaMoney/jsr354-api,java,41,39,2,4.8780484,64,61,3,4.6875
javaparser/javaparser,java,20,20,0,0,2,1,1,50
javaslang/javaslang,ruby,692,609,83,11.99422,1,1,0,0
jayroh/thredded,java,2854,2015,839,29.397335,1260,396,864,68.571434
jayway/rest-assured,java,201,195,6,2.9850745,85,79,6,7.058824
jbachorik/btrace,java,190,151,39,20.526316,12,12,0,0
jberkel/sms-backup-plus,ruby,289,241,48,16.608997,40,30,10,25
jbox-web/redmine_git_hosting,java,6464,3300,3164,48.94802,60,20,40,66.66667
jcabi/jcabi-aspects,java,446,391,55,12.331839,27,24,3,11.111112
jcabi/jcabi-github,java,824,503,321,38.95631,236,150,86,36.440678
jcabi/jcabi-http,ruby,108,83,25,23.148148,220,144,76,34.545456
jch/html-pipeline,java,131,119,12,9.160306,505,405,100,19.801981
jdantonio/functional-ruby,ruby,1349,1090,259,19.199408,18,18,0,0
jedi4ever/veewee,ruby,900,858,42,4.6666665,107,104,3,2.803738
jekyll/jekyll-redirect-from,ruby,185,159,26,14.054054,9,9,0,0
jekyll/jekyll-sitemap,ruby,222,189,33,14.864865,3,3,0,0
jekyll/mercenary,ruby,306,285,21,6.8627453,6,3,3,50
jenkinsci/jenkins.rb,ruby,140,120,20,14.285715,21,21,0,0
jeremyevans/sequel,ruby,17,17,0,0,3457,2957,500,14.463408
jeremyw/stamp,ruby,208,184,24,11.538462,6,0,6,100
jetrockets/attrio,ruby,257,213,44,17.120623,83,38,45,54.21687
jfelchner/ruby-progressbar,ruby,852,599,253,29.694834,35,35,0,0
jfirebaugh/konacha,java,408,368,40,9.803922,178,155,23,12.921349
JFXtras/jfxtras-labs,java,70,27,43,61.42857,119,57,62,52.10084
jhalterman/modelmapper,ruby,194,188,6,3.0927835,4,4,0,0
jhnvz/retina_rails,java,1477,1108,369,24.983074,7,7,0,0
jhy/jsoup,ruby,82,81,1,1.2195121,16,16,0,0
jimmycuadra/lita,ruby,242,232,10,4.132231,3,3,0,0
jimweirich/rake,ruby,726,608,118,16.253443,79,74,5,6.329114
jimweirich/rspec-given,ruby,362,262,100,27.62431,69,63,6,8.695652
jipiboily/monologue,ruby,1174,756,418,35.60477,164,54,110,67.07317
jlong/serve,ruby,54,53,1,1.8518518,63,22,41,65.07937
jmettraux/rufus-scheduler,java,1106,717,389,35.171787,4,4,0,0
jmkgreen/morphia,java,190,153,37,19.473684,10,10,0,0
jMonkeyEngine/jmonkeyengine,java,452,328,124,27.433628,88,76,12,13.636364
jmxtrans/jmxtrans,ruby,253,234,19,7.509881,12,9,3,25
jneen/rouge,ruby,365,310,55,15.068494,929,817,112,12.055974
jnicklas/capybara,ruby,3020,1429,1591,52.68212,84,26,58,69.047615
jnicklas/turnip,ruby,842,755,87,10.332541,76,76,0,0
jnunemaker/flipper,ruby,682,508,174,25.513195,9,6,3,33.333336
jnunemaker/httparty,ruby,329,276,53,16.109423,57,50,7,12.280702
joakimk/minimapper,java,1534,1188,346,22.55541,53,45,8,15.094339
joelittlejohn/embedmongo-maven-plugin,java,60,60,0,0,55,55,0,0
joelittlejohn/jsonschema2pojo,ruby,346,343,3,0.867052,7,6,1,14.285715
johnbellone/consul-cookbook,java,197,146,51,25.888325,15,15,0,0
joliss/jquery-ui-rails,java,125,123,2,1.6,3,3,0,0
jOOQ/jOOQ,ruby,2871,2397,474,16.509926,116,45,71,61.206894
jordansissel/fpm,ruby,565,302,263,46.54867,53,15,38,71.69811
jorgemanrubia/mailgun_rails,java,180,125,55,30.555555,4,2,2,50
joscha/play-authenticate,ruby,441,306,135,30.612246,17,9,8,47.058823
josevalim/rails-footnotes,ruby,904,810,94,10.39823,420,228,192,45.714287
JoshCheek/seeing_is_believing,ruby,684,429,255,37.2807,14,12,2,14.285715
jphp-compiler/jphp,java,3557,2762,795,22.350294,16,0,16,100
jpos/jPOS,java,160,145,15,9.375,31,29,2,6.4516125
jruby/activerecord-jdbc-adapter,ruby,12567,6756,5811,46.240154,20944,15515,5429,25.921505
jruby/jruby,ruby,114414,38930,75484,65.97444,10362,2760,7602,73.36422
jruby/jruby-rack,ruby,2507,1152,1355,54.048664,1383,783,600,43.383945
jruby/warbler,ruby,77,45,32,41.55844,874,585,289,33.06636
jsmestad/pivotal-tracker,java,73,42,31,42.46575,23,13,10,43.47826
jsonld-java/jsonld-java,java,388,347,41,10.56701,25,23,2,8
jtwig/jtwig,ruby,253,222,31,12.252964,11,11,0,0
JuanitoFatas/fast-ruby,ruby,281,274,7,2.4911032,33,33,0,0
judofyr/temple,java,1105,924,181,16.38009,48,43,5,10.416666
julianhyde/linq4j,java,202,200,2,0.990099,4,4,0,0
julianhyde/optiq,java,1345,1160,185,13.754646,200,185,15,7.5000005
julman99/gson-fire,ruby,41,34,7,17.073172,35,31,4,11.428572
june29/horesase-boys,ruby,282,273,9,3.1914895,51,46,5,9.803922
junegunn/fzf,java,659,580,79,11.987861,58,57,1,1.7241379
junit-team/junit,ruby,494,480,14,2.834008,44,44,0,0
justinfrench/formtastic,java,4554,3567,987,21.673254,770,551,219,28.441557
kaizenplatform/fluent-plugin-bigquery,ruby,192,192,0,0,45,42,3,6.666667
Kapeli/cheatsheets,ruby,460,452,8,1.7391304,16,16,0,0
karmi/retire,ruby,864,225,639,73.95833,374,79,295,78.87701
KatanaCode/blogit,ruby,1065,56,1009,94.74178,36,0,36,100
keen/pingpong,ruby,90,52,38,42.22222,1,0,1,100
keenlabs/keen-gem,ruby,1277,930,347,27.173063,137,93,44,32.116787
kei-s/github-preview,java,67,54,13,19.402985,4,4,0,0
kelemen/netbeans-gradle-project,ruby,237,221,16,6.751055,94,82,12,12.765958
kenichi/angelo,ruby,869,756,113,13.003452,42,33,9,21.428572
kernow/shortcode,java,2378,2170,208,8.746846,24,24,0,0
kevinsawicki/http-request,ruby,87,87,0,0,6,6,0,0
kickstarter/rack-attack,java,2480,1783,697,28.10484,84,84,0,0
killbill/killbill,ruby,3522,1382,2140,60.760933,2910,1589,1321,45.39519
kishikawakatsumi/xcjobs,ruby,200,182,18,9,3,3,0,0
kmuto/review,java,1953,1708,245,12.544804,79,63,16,20.253164
kostya/eye,ruby,1347,401,946,70.23014,13,7,6,46.153847
kostyantyn/hydra_attribute,ruby,8,8,0,0,766,645,121,15.796344
kovyrin/db-charmer,ruby,1032,596,436,42.248062,205,39,166,80.97561
kpumuk/meta-tags,ruby,80,64,16,20,455,311,144,31.648354
KrauseFx/deliver,ruby,982,784,198,20.162933,4,4,0,0
KrauseFx/fastlane,ruby,1569,1139,430,27.405993,22,16,6,27.272728
krisleech/wisper,java,892,795,97,10.87444,22,22,0,0
ktoso/maven-git-commit-id-plugin,java,190,137,53,27.89474,5,3,2,40
kytrinyx/approvals,ruby,390,355,35,8.9743595,3,3,0,0
kytrinyx/etsy,java,382,223,159,41.62304,107,66,41,38.317757
l0rdn1kk0n/wicket-bootstrap,java,745,409,336,45.10067,18,10,8,44.444447
L2J/L2J_Server,java,121,115,6,4.958678,9,9,0,0
la-team/light-admin,ruby,198,112,86,43.43434,21,21,0,0
lanej/cistern,ruby,548,453,95,17.335766,4,4,0,0
langalex/couch_potato,java,337,108,229,67.95252,56,44,12,21.428572
languagetool-org/languagetool,ruby,530,476,54,10.18868,1293,1160,133,10.286156
laradji/zabbix,ruby,211,62,149,70.61611,9,6,3,33.333336
lardawge/carrierwave_backgrounder,java,285,230,55,19.298244,7,4,3,42.857143
laserlemon/figaro,ruby,1514,1091,423,27.939234,84,72,12,14.285715
lassebunk/gretel,java,375,345,30,8,85,83,2,2.3529413
laurentpetit/ccw,ruby,559,284,275,49.194992,109,33,76,69.72477
laurilehmijoki/s3_website,ruby,858,799,59,6.8764567,43,41,2,4.6511626
layervault/psd.rb,ruby,1031,812,219,21.241512,100,76,24,24
le0pard/mongodb_logger,ruby,2384,1805,579,24.286913,355,323,32,9.014084
ledermann/unread,ruby,1917,1613,304,15.858112,15,15,0,0
leejarvis/slop,ruby,612,391,221,36.11111,133,119,14,10.526316
leereilly/swot,java,888,746,142,15.990991,100,76,24,24
lemire/RoaringBitmap,ruby,957,840,117,12.225705,87,78,9,10.344828
lemurheavy/coveralls-ruby,java,299,258,41,13.712375,815,596,219,26.871166
lenskit/lenskit,java,1299,1076,223,17.167051,37,28,9,24.324326
lian/bitcoin-ruby,ruby,101,75,26,25.742575,234,173,61,26.068378
librato/librato-metrics,ruby,1320,942,378,28.636364,164,164,0,0
librato/librato-rails,java,1595,1240,355,22.257053,7,7,0,0
ligi/PassAndroid,java,63,17,46,73.01588,2,0,2,100
linkedin/datafu,ruby,180,143,37,20.555555,34,23,11,32.352943
livingsocial/rake-pipeline,ruby,119,23,96,80.67227,82,0,82,100
Locale/localeapp,ruby,3110,1496,1614,51.89711,90,60,30,33.333336
locomote/gusteau,ruby,325,218,107,32.923077,35,19,16,45.714287
locomotivecms/engine,ruby,561,259,302,53.832443,90,39,51,56.666668
lodge/lodge,java,1382,941,441,31.910276,31,24,7,22.580645
lookfirst/sardine,ruby,33,30,3,9.090909,10,10,0,0
loopj/android-async-http,ruby,201,176,25,12.437811,3,2,1,33.333336
lostisland/faraday,ruby,2372,1370,1002,42.242832,131,99,32,24.42748
lostisland/faraday_middleware,ruby,79,59,20,25.316456,697,691,6,0.86083215
lostisland/sawyer,ruby,67,65,2,2.9850745,25,21,4,16
lotus/controller,ruby,972,926,46,4.7325106,175,162,13,7.4285717
lotus/lotus,ruby,2072,1808,264,12.741312,316,238,78,24.683544
lotus/router,ruby,622,591,31,4.983923,43,43,0,0
lotus/utils,ruby,1516,1351,165,10.883905,84,84,0,0
lotus/view,ruby,567,482,85,14.991182,105,105,0,0
louismullie/treat,ruby,408,186,222,54.411762,8,4,4,50
lsegal/yard,ruby,1185,946,239,20.168777,55,52,3,5.4545455
LTe/grape-rabl,ruby,377,274,103,27.320953,28,12,16,57.14286
luikore/nyara,ruby,349,259,90,25.787964,2,2,0,0
lukaszkorecki/CoffeeTags,java,313,252,61,19.488817,7,4,3,42.857143
lviggiano/owner,ruby,2441,2214,227,9.299467,284,280,4,1.4084507
lynndylanhurley/devise_token_auth,java,1878,1519,359,19.116081,24,24,0,0
Mach5/supersonic,ruby,52,1,51,98.07692,26,20,6,23.076923
MagLev/maglev,ruby,1193,632,561,47.02431,82,58,24,29.268291
magnusvk/counter_culture,ruby,302,270,32,10.596026,27,27,0,0
mailboxer/mailboxer,ruby,642,444,198,30.841122,306,178,128,41.830067
makrio/makrio,ruby,442,0,442,100,1075,0,1075,100
ManageIQ/manageiq,ruby,13039,12574,465,3.5662246,283,277,6,2.1201413
manastech/crystal,ruby,604,324,280,46.357616,1,1,0,0
manshar/manshar,ruby,860,724,136,15.813954,7,5,2,28.57143
maoueh/nugrant,ruby,357,290,67,18.767508,27,24,3,11.111112
markbates/configatron,ruby,460,398,62,13.478261,7,7,0,0
markevans/dragonfly,ruby,555,320,235,42.342342,75,52,23,30.666668
MarkUsProject/Markus,java,174,96,78,44.827587,116,39,77,66.37931
marubinotto/Piggydb,java,381,363,18,4.7244096,145,142,3,2.0689654
Mashape/unirest-java,ruby,648,593,55,8.487655,134,134,0,0
matschaffer/knife-solo,ruby,893,791,102,11.422173,25,25,0,0
mattheworiordan/capybara-screenshot,ruby,2300,998,1302,56.608696,664,208,456,68.6747
matthuhiggins/foreigner,ruby,196,150,46,23.469389,12,12,0,0
mattray/spiceweasel,java,279,150,129,46.23656,18,3,15,83.33333
maxcom/lorsource,ruby,2412,2228,184,7.6285243,14,12,2,14.285715
maxdemarzi/neography,ruby,381,286,95,24.934383,23,21,2,8.695652
mbj/anima,ruby,662,288,374,56.49547,59,16,43,72.881355
mbj/mutant,ruby,5004,2227,2777,55.4956,573,385,188,32.809772
mbj/unparser,ruby,1699,1176,523,30.782812,37,18,19,51.35135
mbleigh/acts-as-taggable-on,java,4509,3998,511,11.33289,390,325,65,16.666668
mbosecke/pebble,ruby,183,168,15,8.196721,4,0,4,100
mbulat/plutus,ruby,286,241,45,15.734265,22,20,2,9.090909
mceachen/closure_tree,java,9181,5960,3221,35.083324,744,624,120,16.129032
mdxp/nodejs-cookbook,java,38,30,8,21.052631,3,3,0,0
mendhak/gpslogger,ruby,140,112,28,20,4,2,2,50
merit-gem/merit,ruby,2182,1771,411,18.83593,18,14,4,22.222223
metaskills/less-rails,ruby,523,308,215,41.108986,43,40,3,6.9767447
metaskills/less-rails-bootstrap,java,594,440,154,25.925926,3,0,3,100
mfornos/humanize,java,177,164,13,7.3446326,8,8,0,0
mgomes/api_auth,ruby,463,387,76,16.414686,47,36,11,23.404255
mhfs/devise-async,ruby,181,101,80,44.198895,9,4,5,55.555557
michelson/lazy_high_charts,ruby,80,69,11,13.75,8,8,0,0
middleman/middleman,ruby,5252,3983,1269,24.162224,249,179,70,28.11245
middleman/middleman-autoprefixer,ruby,343,331,12,3.4985423,20,18,2,10
middleman/middleman-blog,ruby,1083,527,556,51.338875,76,48,28,36.842106
middleman/middleman-guides,java,362,328,34,9.392265,23,23,0,0
mikaelhg/urlbuilder,ruby,254,191,63,24.80315,16,16,0,0
mikel/mail,java,4223,2013,2210,52.332466,524,345,179,34.160305
mikera/vectorz,ruby,2495,2352,143,5.731463,24,21,3,12.5
miketheman/nginx,ruby,395,152,243,61.518986,198,136,62,31.31313
mileszs/wicked_pdf,ruby,967,764,203,20.992762,42,28,14,33.333336
mina-deploy/mina,ruby,1364,294,1070,78.44575,1048,292,756,72.137405
minimagick/minimagick,ruby,1770,1209,561,31.694916,70,40,30,42.857143
MiniProfiler/rack-mini-profiler,java,166,133,33,19.879519,87,75,12,13.793103
mirego/gaffe,ruby,316,283,33,10.443038,8,8,0,0
mislav/will_paginate,ruby,356,209,147,41.292133,243,193,50,20.576132
mitchellh/vagrant,ruby,2529,2304,225,8.896797,118,100,18,15.254237
mivok/markdownlint,ruby,505,485,20,3.960396,60,55,5,8.333334
mixpanel/mixpanel-ruby,ruby,667,640,27,4.047976,190,184,6,3.1578946
mkdynamic/omniauth-facebook,ruby,477,416,61,12.7882595,72,50,22,30.555555
mockito/mockito,ruby,191,147,44,23.03665,55,45,10,18.181818
mojombo/god,java,193,120,73,37.823833,41,25,16,39.024387
mongodb/morphia,ruby,506,433,73,14.426878,42,36,6,14.285715
mongoid-rspec/mongoid-rspec,ruby,438,223,215,49.086758,196,70,126,64.28571
mongoid/moped,ruby,8526,1750,6776,79.47455,1163,310,853,73.344795
mongoid/origin,ruby,2426,2006,420,17.312449,460,194,266,57.826088
mongomapper/mongomapper,ruby,1147,638,509,44.376637,224,53,171,76.33929
morgoth/picasa,java,429,306,123,28.671328,108,42,66,61.11111
mozilla/MozStumbler,java,641,611,30,4.680187,36,34,2,5.555556
mpatric/mp3agic,ruby,34,33,1,2.9411764,39,37,2,5.1282053
mperham/dalli,ruby,879,392,487,55.40387,161,27,134,83.22981
mperham/girl_friday,ruby,36,12,24,66.66667,54,9,45,83.33333
mperham/sidekiq,ruby,4460,3422,1038,23.273542,329,277,52,15.805471
mroth/lolcommits,java,2443,2014,429,17.560377,110,95,15,13.636364
MrTJP/ProjectRed,ruby,305,165,140,45.901638,3,0,3,100
ms-ati/docile,java,1023,838,185,18.084066,271,196,75,27.675278
msgpack/msgpack-java,ruby,180,139,41,22.777779,41,41,0,0
muffinista/chatterbot,ruby,482,381,101,20.954357,11,4,7,63.636364
mustache/mustache,java,270,63,207,76.666664,25,0,25,100
mybatis/mybatis-3,java,1142,1014,128,11.208406,45,39,6,13.333334
mybatis/spring,java,242,186,56,23.140495,33,26,7,21.212122
mycila/license-maven-plugin,ruby,180,144,36,20,12,12,0,0
myui/hivemall,ruby,272,208,64,23.529411,8,8,0,0
nahi/httpclient,ruby,1842,283,1559,84.63627,62,0,62,100
nanoc/nanoc,ruby,3174,1817,1357,42.75362,59,23,36,61.01695
NARKOZ/gitlab,ruby,417,406,11,2.6378896,75,67,8,10.666667
nateware/redis-objects,ruby,180,161,19,10.555555,26,22,4,15.384616
nathanl/authority,ruby,1081,717,364,33.672527,3044,1576,1468,48.22602
nathanl/searchlight,ruby,359,200,159,44.289692,14,14,0,0
natritmeyer/site_prism,java,113,110,3,2.6548672,59,50,9,15.254237
naver/pinpoint,java,155,115,40,25.80645,4,4,0,0
naver/yobi,ruby,294,270,24,8.163265,142,129,13,9.154929
nbudin/devise_cas_authenticatable,ruby,1290,616,674,52.248062,86,70,16,18.60465
ndbroadbent/turbo-sprockets-rails3,ruby,366,277,89,24.31694,4,4,0,0
neo4jrb/neo4j,ruby,4344,2709,1635,37.638123,41,21,20,48.780487
neo4jrb/neo4j-core,ruby,2641,1841,800,30.291557,16,14,2,12.5
nesquena/backburner,ruby,442,71,371,83.93665,34,20,14,41.17647
nesquena/rabl,java,1067,750,317,29.709465,67,58,9,13.432837
Netflix/denominator,java,63,56,7,11.111112,5,5,0,0
Netflix/Hystrix,ruby,179,95,84,46.927376,3,2,1,33.333336
NetSweet/netsuite,java,69,58,11,15.94203,21,13,8,38.095238
neuland/jade4j,ruby,72,68,4,5.555556,35,35,0,0
newrelic/rpm,ruby,701,548,153,21.825964,502,345,157,31.2749
njonsson/cape,java,1487,1323,164,11.028917,27,27,0,0
nkzawa/socket.io-client.java,ruby,242,202,40,16.528925,28,20,8,28.57143
NoamB/sorcery,java,2865,2021,844,29.458988,538,282,256,47.58364
Nodeclipse/nodeclipse-1,java,180,166,14,7.777778,45,40,5,11.111112
nohana/Laevatein,ruby,70,60,10,14.285715,5,5,0,0
Nordstrom/chef-vault,ruby,259,178,81,31.274132,26,26,0,0
norman/friendly_id,ruby,1965,1182,783,39.84733,252,150,102,40.476192
northworld/google_calendar,java,201,182,19,9.452736,16,16,0,0
notnoop/java-apns,ruby,275,135,140,50.90909,7,3,4,57.14286
nov/fb_graph,ruby,54,38,16,29.62963,470,414,56,11.914894
nov/json-jwt,ruby,394,282,112,28.426397,60,52,8,13.333334
nov/openid_connect,java,22,14,8,36.363636,213,114,99,46.478874
numenta/htm.java,java,129,110,19,14.728682,4,3,1,25
nurkiewicz/spring-data-jdbc-repository,java,139,95,44,31.654676,71,36,35,49.295773
nutzam/nutz,ruby,1109,660,449,40.486927,1195,336,859,71.88284
nviennot/nobrainer,java,150,147,3,2,170,153,17,10
oblac/jodd,java,176,163,13,7.3863635,417,398,19,4.556355
ocpsoft/rewrite,ruby,1205,510,695,57.67635,199,51,148,74.37186
octopress/octopress,java,451,347,104,23.059868,219,206,13,5.9360733
OfficeDev/ews-java-api,ruby,95,95,0,0,27,27,0,0
olbrich/ruby-units,java,268,202,66,24.626865,24,24,0,0
OneBusAway/onebusaway-android,ruby,46,28,18,39.130436,8,6,2,25
ongaeshi/milkode,ruby,294,243,51,17.34694,12,10,2,16.666668
opal/opal,ruby,8094,7162,932,11.514703,120,110,10,8.333334
opal/opal-jquery,ruby,416,349,67,16.10577,78,67,11,14.102565
openaustralia/morph,ruby,990,958,32,3.2323234,190,160,30,15.789473
openfoodfoundation/openfoodnetwork,java,800,213,587,73.375,637,75,562,88.22606
OpenGrok/OpenGrok,ruby,134,131,3,2.238806,2,2,0,0
openid/ruby-openid,java,292,180,112,38.356163,25,8,17,68
openMF/mifosx,java,1915,1805,110,5.7441254,85,80,5,5.882353
OpenRefine/OpenRefine,ruby,196,182,14,7.1428576,20,14,6,30.000002
openshift/rhc,java,3031,2569,462,15.242495,268,220,48,17.910448
OpenSOC/opensoc-streaming,ruby,45,15,30,66.66667,77,56,21,27.272728
openstreetmap/openstreetmap-website,ruby,8,8,0,0,125,110,15,12
openSUSE/open-build-service,java,6860,4124,2736,39.88338,403,231,172,42.6799
OpenTSDB/opentsdb,ruby,154,116,38,24.675325,94,80,14,14.893617
opf/openproject,java,26789,17673,9116,34.028893,235,122,113,48.085106
orbeon/orbeon-forms,ruby,16,2,14,87.5,2207,958,1249,56.592663
orgsync/stoplight,ruby,1019,857,162,15.897939,131,125,6,4.580153
orientation/orientation,java,171,118,53,30.994152,6,0,6,100
owlcs/owlapi,java,2375,2018,357,15.031579,303,205,98,32.343235
owlike/genson,java,123,119,4,3.2520323,9,9,0,0
owncloud/android,java,600,464,136,22.666668,218,186,32,14.678899
oyachai/HearthSim,java,151,137,14,9.271523,9,9,0,0
padrino/padrino-framework,ruby,6517,4721,1796,27.558693,409,312,97,23.716381
pagseguro/ruby,java,344,197,147,42.73256,231,198,33,14.285715
palantir/eclipse-typescript,ruby,114,111,3,2.631579,1,1,0,0
Parallels/vagrant-parallels,java,192,165,27,14.0625,24,23,1,4.166667
passy/Android-DirectoryChooser,ruby,72,44,28,38.88889,1,1,0,0
pat/thinking-sphinx,ruby,189,0,189,100,6241,69,6172,98.89441
patriciomacadden/hobbit,ruby,517,424,93,17.988394,2,2,0,0
paulasmuth/fnordmetric,ruby,173,76,97,56.069363,10,3,7,70
paulasmuth/recommendify,ruby,30,27,3,10,4,3,1,25
pawurb/termit,ruby,8,8,0,0,350,332,18,5.142857
pboling/sanitize_email,ruby,894,674,220,24.608501,119,119,0,0
pdfkit/pdfkit,ruby,240,141,99,41.25,20,13,7,35
pearkes/tugboat,ruby,823,657,166,20.170109,66,38,28,42.424244
pengwynn/faraday_middleware,java,8,0,8,100,273,185,88,32.234432
perfectsense/brightspot-cms,java,174,148,26,14.942529,93,82,11,11.827957
perwendel/spark,ruby,136,110,26,19.117647,4,4,0,0
peter-murach/finite_machine,ruby,1341,1101,240,17.89709,559,499,60,10.733453
peter-murach/github,ruby,2648,1579,1069,40.37009,43,33,10,23.255816
pewniak747/hipbot,ruby,79,60,19,24.050634,591,353,238,40.27073
philostler/rspec-sidekiq,ruby,704,479,225,31.960228,38,27,11,28.947369
phlipper/chef-monit,ruby,343,332,11,3.206997,56,41,15,26.785713
phlipper/chef-percona,ruby,1230,1150,80,6.5040646,217,212,5,2.3041475
phlipper/chef-postgresql,ruby,697,518,179,25.681492,30,30,0,0
phoet/asin,ruby,254,118,136,53.543304,13,4,9,69.230774
phoet/on_ruby,ruby,327,263,64,19.571867,21,17,4,19.047619
phstc/putsreq,ruby,152,144,8,5.263158,16,15,1,6.25
phstc/shoryuken,ruby,309,236,73,23.624596,5,0,5,100
pivotal-sprout/sprout-osx-apps,ruby,142,113,29,20.422535,20,15,5,25
pivotal/LicenseFinder,ruby,1510,1086,424,28.079472,1219,822,397,32.56768
pivotal/pivotal_workstation,ruby,243,154,89,36.625515,37,29,8,21.621622
plataformatec/devise,ruby,6548,4897,1651,25.213804,1095,844,251,22.922375
plataformatec/responders,ruby,325,264,61,18.769232,27,23,4,14.814815
plataformatec/simple_form,ruby,3712,2843,869,23.41056,309,178,131,42.39482
play/play,ruby,402,274,128,31.840796,19,12,7,36.842106
plexus/yaks,ruby,5722,4445,1277,22.317371,1112,802,310,27.877697
podio/podio-rb,ruby,1051,809,242,23.02569,1481,1201,280,18.906145
poise/poise,ruby,315,159,156,49.52381,1554,1280,274,17.631918
polleverywhere/firehose,ruby,361,189,172,47.645428,100,61,39,39
pophealth/popHealth,ruby,339,320,19,5.6047196,8,7,1,12.5
postrank-labs/goliath,ruby,128,74,54,42.1875,33,7,26,78.78788
prawnpdf/prawn,ruby,2605,2282,323,12.399233,328,281,47,14.329268
premailer/premailer,ruby,473,153,320,67.653275,31,20,11,35.48387
presidentbeef/brakeman,ruby,1790,1591,199,11.117318,61,51,10,16.393442
progit/progit,ruby,419,386,33,7.8758945,70,67,3,4.2857146
projectblacklight/blacklight,ruby,8339,6718,1621,19.438782,94,75,19,20.212767
projecthydra/sufia,ruby,2792,2392,400,14.326647,103,97,6,5.825243
prometheus/promdash,ruby,442,424,18,4.072398,5,4,1,20
promiscuous-io/promiscuous,ruby,1544,650,894,57.901554,2842,478,2364,83.180855
propublica/daybreak,ruby,1619,839,780,48.17789,16,0,16,100
protobuf-ruby/beefcake,java,635,532,103,16.220472,150,138,12,8
protostuff/protostuff,java,83,78,5,6.0240965,60,60,0,0
Prototik/HoloEverywhere,ruby,262,178,84,32.061066,8,5,3,37.5
pry/pry,java,9686,6477,3209,33.13029,496,353,143,28.830645
psi-probe/psi-probe,ruby,212,200,12,5.6603775,14,14,0,0
psu-stewardship/scholarsphere,ruby,2718,1840,878,32.30316,115,62,53,46.086956
psyho/bogus,java,545,425,120,22.018349,26,26,0,0
pulse00/Symfony-2-Eclipse-Plugin,java,147,61,86,58.503403,8,3,5,62.5
pulse00/Twig-Eclipse-Plugin,ruby,46,31,15,32.608696,11,8,3,27.272728
puma/puma,java,2095,879,1216,58.04296,114,42,72,63.15789
puniverse/capsule,java,696,644,52,7.4712644,4,4,0,0
puniverse/quasar,ruby,1128,960,168,14.893617,516,387,129,25
puppetlabs/facter,ruby,1032,990,42,4.0697675,71,63,8,11.267606
puppetlabs/hiera,ruby,60,60,0,0,118,118,0,0
puppetlabs/marionette-collective,ruby,521,494,27,5.1823416,19,19,0,0
puppetlabs/puppet,ruby,3388,3116,272,8.028336,282,273,9,3.1914895
puppetlabs/puppetlabs-firewall,ruby,951,815,136,14.300736,116,108,8,6.8965516
puppetlabs/puppetlabs-mongodb,ruby,253,204,49,19.36759,38,34,4,10.526316
puppetlabs/puppetlabs-rabbitmq,ruby,914,733,181,19.803064,60,48,12,20
puppetlabs/puppetlabs-stdlib,java,511,384,127,24.85323,119,107,12,10.084034
qos-ch/logback,java,62,46,16,25.80645,1,1,0,0
qos-ch/slf4j,java,35,35,0,0,23,23,0,0
querydsl/querydsl,ruby,2628,1782,846,32.19178,25,22,3,12
QueueClassic/queue_classic,ruby,410,140,270,65.85366,40,3,37,92.5
rabbit-shocker/rabbit,java,1110,975,135,12.162163,39,35,4,10.256411
rackerlabs/blueflood,ruby,841,656,185,21.997622,94,71,23,24.468084
radar/by_star,ruby,1157,1046,111,9.593778,106,40,66,62.26415
radar/forem,ruby,2618,556,2062,78.76241,605,94,511,84.46281
radar/paranoia,ruby,1054,804,250,23.719164,306,243,63,20.588236
radiant/radiant,ruby,1098,191,907,82.60474,248,46,202,81.451614
rails-api/active_model_serializers,ruby,6623,5527,1096,16.548391,806,640,166,20.595533
rails-assets/rails-assets,ruby,412,303,109,26.456312,9,6,3,33.333336
rails/activeresource,ruby,140,79,61,43.571426,50,31,19,38
rails/globalid,ruby,182,131,51,28.02198,283,247,36,12.720849
rails/jbuilder,ruby,6707,6152,555,8.274937,342,342,0,0
rails/protected_attributes,ruby,739,608,131,17.726658,958,757,201,20.98121
rails/rails,ruby,364440,282268,82172,22.54747,63386,51144,12242,19.313414
rails/spring,ruby,1827,1116,711,38.916256,71,37,34,47.887325
rails/sprockets-rails,ruby,7852,4166,3686,46.943455,407,308,99,24.324326
rails/strong_parameters,ruby,333,105,228,68.46847,174,0,174,100
RailsApps/rails_apps_composer,ruby,982,877,105,10.692465,62,62,0,0
railsbp/rails_best_practices,ruby,470,423,47,10,8,8,0,0
railsbridge/docs,ruby,409,397,12,2.9339855,105,100,5,4.7619047
railsware/js-routes,java,575,411,164,28.52174,529,366,163,30.812853
ralfstx/minimal-json,ruby,49,47,2,4.0816326,45,42,3,6.666667
randym/axlsx,ruby,3973,2587,1386,34.88548,260,169,91,35
ranjib/etcd-ruby,ruby,95,58,37,38.94737,70,45,25,35.714287
rapid7/metasploit-framework,ruby,45020,40289,4731,10.508662,8036,6440,1596,19.860626
rbCAS/CASino,ruby,611,568,43,7.0376434,20,18,2,10
rdoc/rdoc,ruby,2121,1332,789,37.199436,24,8,16,66.66667
ReactiveX/Rx.rb,java,268,77,191,71.268654,136,90,46,33.82353
ReactiveX/RxAndroid,java,2,2,0,0,38,28,10,26.31579
ReactiveX/RxJava,java,343,294,49,14.285715,61,50,11,18.032785
ReactiveX/RxNetty,ruby,92,54,38,41.304348,1,0,1,100
reactjs/react-rails,ruby,458,374,84,18.34061,66,48,18,27.272728
realestate-com-au/pact,ruby,3248,2098,1150,35.406406,179,90,89,49.720673
rebelidealist/stripe-ruby-mock,java,502,453,49,9.760957,100,93,7,7
recruit-tech/redpen,ruby,491,477,14,2.8513238,50,49,1,2
recurly/recurly-client-ruby,ruby,1295,1147,148,11.428572,226,184,42,18.58407
redguide/nodejs,ruby,268,236,32,11.940298,26,22,4,15.384616
redis/redis-rb,java,4939,3632,1307,26.462847,446,237,209,46.86099
redline-smalltalk/redline-smalltalk,java,99,69,30,30.303032,30,27,3,10
refile/refile,ruby,483,385,98,20.289854,12,9,3,25
refinery/refinerycms,ruby,11818,7663,4155,35.158234,1444,951,493,34.141273
refinery/refinerycms-blog,ruby,803,287,516,64.259026,100,30,70,70
rehttp/rehttp,java,90,63,27,30.000002,2,2,0,0
rejasupotaro/Rebuild,java,62,45,17,27.419355,176,140,36,20.454546
relayrides/pushy,ruby,1110,994,116,10.45045,3,3,0,0
relevance/diametric,ruby,262,184,78,29.77099,4,2,2,50
remiprev/her,ruby,2115,1770,345,16.312057,388,373,15,3.8659792
remiprev/teamocil,ruby,137,122,15,10.948905,4,4,0,0
resque/resque,java,1287,947,340,26.418028,380,310,70,18.421053
rest-driver/rest-driver,java,97,92,5,5.1546392,15,14,1,6.666667
restlet/restlet-framework-java,ruby,714,336,378,52.941177,309,173,136,44.012947
rgeo/activerecord-postgis-adapter,ruby,996,650,346,34.738956,1584,734,850,53.661613
rgrove/sanitize,java,457,421,36,7.8774614,36,16,20,55.555557
rhuss/docker-maven-plugin,ruby,385,375,10,2.5974026,15,15,0,0
rightscale/praxis,ruby,175,156,19,10.857142,5,4,1,20
rightscale/right_link,java,143,122,21,14.685315,2,1,1,50
roboguice/roboguice,java,93,47,46,49.462364,113,93,20,17.699116
rockerhieu/emojicon,ruby,28,15,13,46.42857,4,3,1,25
rodjek/librarian-puppet,ruby,6417,4608,1809,28.190744,176,50,126,71.590904
rodjek/puppet-lint,ruby,1021,844,177,17.335945,51,42,9,17.647058
rodjek/rspec-puppet,ruby,1967,1603,364,18.505339,223,216,7,3.1390135
roidrage/lograge,ruby,1011,922,89,8.803165,134,109,25,18.656715
RolifyCommunity/rolify,ruby,398,146,252,63.31658,1849,789,1060,57.328285
rollbar/rollbar-gem,ruby,18255,14002,4253,23.297728,2306,1421,885,38.378143
rondevera/twig,ruby,2394,2277,117,4.887218,122,122,0,0
rpush/rpush,ruby,4943,2868,2075,41.978558,49,15,34,69.38776
rs-pro/mongoid-elasticsearch,java,1222,1082,140,11.456628,54,18,36,66.66667
RS485/LogisticsPipes,ruby,2107,1447,660,31.324158,397,317,80,20.151134
rsl/stringex,ruby,727,575,152,20.90784,66,54,12,18.181818
rslifka/elasticity,ruby,1227,1064,163,13.284433,4,4,0,0
rspec/rspec-collection_matchers,ruby,1097,657,440,40.10939,190,79,111,58.42105
rspec/rspec-core,ruby,41880,34424,7456,17.803247,1160,744,416,35.862072
rspec/rspec-expectations,ruby,9031,7570,1461,16.17761,1011,659,352,34.817013
rspec/rspec-mocks,ruby,12914,10592,2322,17.980486,667,531,136,20.389805
rspec/rspec-rails,ruby,26396,18929,7467,28.288376,1024,711,313,30.566406
rstacruz/sinatra-assetpack,ruby,867,767,100,11.534025,95,95,0,0
rtomayko/tilt,ruby,1109,484,625,56.35708,35,1,34,97.14286
rubber/rubber,ruby,4736,2906,1830,38.640205,221,107,114,51.583714
rubinius/rubinius,ruby,5653,3159,2494,44.118164,664,429,235,35.391567
ruboto/ruboto,ruby,8801,2418,6383,72.52585,168,27,141,83.92857
ruby-amqp/amqp,ruby,5683,1468,4215,74.16857,72,12,60,83.33333
ruby-concurrency/concurrent-ruby,ruby,4211,2247,1964,46.63975,622,390,232,37.299034
ruby-json-schema/json-schema,ruby,424,380,44,10.377358,114,114,0,0
ruby-ldap/ruby-net-ldap,ruby,1290,844,446,34.573643,137,53,84,61.313866
ruby-rdf/json-ld,ruby,249,217,32,12.851405,216,155,61,28.24074
ruby-rdf/rdf,ruby,1600,1262,338,21.125,48,48,0,0
ruby/ruby,ruby,5459,3690,1769,32.405205,676,447,229,33.87574
ruby/www.ruby-lang.org,ruby,837,786,51,6.0931897,141,136,5,3.5460994
rubycas/rubycas-client,ruby,508,393,115,22.637794,67,9,58,86.56716
RubyCastsBrasil/RubyCastsBrasil,ruby,50,49,1,2,9,9,0,0
rubychan/coderay,ruby,1440,1146,294,20.416666,36,36,0,0
rubygems/rubygems,ruby,9666,7128,2538,26.256985,954,702,252,26.415094
rubygems/rubygems.org,ruby,1954,1850,104,5.3224154,158,152,6,3.7974682
RubyMoney/monetize,ruby,189,189,0,0,9,9,0,0
RubyMoney/money,ruby,1339,1210,129,9.634055,188,172,16,8.510638
RubyMoney/money-rails,ruby,2663,2247,416,15.621479,170,122,48,28.235296
rubymotion/BubbleWrap,ruby,205,159,46,22.439024,32,27,5,15.625
rubymotion/sugarcube,ruby,344,182,162,47.09302,5,5,0,0
rubysec/bundler-audit,ruby,218,123,95,43.57798,18,14,4,22.222223
rubyspec/rubyspec,ruby,952,0,952,100,331,0,331,100
rubyworks/facets,ruby,1152,959,193,16.753473,28,28,0,0
rubyzip/rubyzip,ruby,927,460,467,50.37756,91,70,21,23.076923
ruckus/quickeebooks,ruby,273,158,115,42.124542,60,42,18,30.000002
rudionrails/yell,ruby,1877,1206,671,35.748535,25,9,16,64
ruhoh/ruhoh.rb,ruby,84,78,6,7.1428576,22,20,2,9.090909
rumblelabs/asset_sync,java,1143,645,498,43.569553,259,149,110,42.471043
rundeck/rundeck,ruby,1719,1434,285,16.579407,11,11,0,0
ryanb/letter_opener,ruby,162,104,58,35.802467,94,85,9,9.574469
ryanb/nested_form,ruby,641,396,245,38.22153,181,73,108,59.66851
ryanlecompte/redis_failover,java,665,622,43,6.466165,3,3,0,0
ryantenney/metrics-spring,ruby,732,606,126,17.213116,11,11,0,0
sachin-handiekar/jInstagram,java,121,113,8,6.61157,5,5,0,0
sahan/RoboZombie,ruby,49,28,21,42.857143,87,41,46,52.873566
SaitoWu/linner,ruby,98,94,4,4.0816326,65,64,1,1.5384616
salesking/sepa_king,ruby,583,576,7,1.2006861,7,7,0,0
sanemat/tachikoma,java,524,508,16,3.053435,2,2,0,0
sanity/quickml,java,713,476,237,33.239834,51,20,31,60.784317
sarxos/webcam-capture,ruby,615,445,170,27.642277,6,4,2,33.333336
sass/sass,ruby,1786,1325,461,25.811869,1736,1352,384,22.119816
saturnflyer/casting,ruby,760,614,146,19.210526,169,149,20,11.83432
saturnflyer/surrounded,java,848,617,231,27.240566,846,747,99,11.702127
satyan/sugar,ruby,7,4,3,42.857143,2,0,2,100
savonrb/gyoku,ruby,306,239,67,21.895426,2523,2523,0,0
savonrb/nori,ruby,3017,2900,117,3.8780246,1149,1149,0,0
savonrb/savon,ruby,1729,900,829,47.94679,138,32,106,76.81159
scambra/devise_invitable,ruby,3157,2120,1037,32.84764,214,152,62,28.971962
schacon/ruby-git,ruby,158,149,9,5.6962023,791,568,223,28.192162
SchemaPlus/schema_plus,ruby,6010,4930,1080,17.970049,373,342,31,8.310992
schneems/wicked,java,1273,1120,153,12.018853,30,30,0,0
scobal/seyren,ruby,203,174,29,14.285715,12,11,1,8.333334
scttnlsn/dandelion,java,381,366,15,3.937008,3,3,0,0
sdywcd/jshoper3x,java,2,0,2,100,128,0,128,100
searchbox-io/Jest,java,327,242,85,25.993883,24,12,12,50
searls/jasmine-maven-plugin,ruby,289,257,32,11.072664,4,4,0,0
seejohnrun/ice_cube,java,321,195,126,39.25234,20,18,2,10
segmentio/analytics-android,java,358,259,99,27.653631,1,1,0,0
selendroid/selendroid,ruby,273,186,87,31.868134,12,8,4,33.333336
sensu/sensu,ruby,1434,1267,167,11.645746,44,28,16,36.363636
sensu/sensu-community-plugins,ruby,1216,948,268,22.039473,272,222,50,18.382353
sensu/sensu-puppet,ruby,3635,3118,517,14.222834,318,318,0,0
seratch/gistub,java,74,72,2,2.7027028,16,9,7,43.75
serso/android-common,ruby,21,19,2,9.523809,184,72,112,60.869564
sethvargo/chef-sugar,ruby,515,486,29,5.6310678,47,39,8,17.021276
sethvargo/stove,java,434,352,82,18.894009,30,21,9,30.000002
sevntu-checkstyle/sevntu.checkstyle,ruby,274,268,6,2.189781,503,476,27,5.367793
sferik/mtgox,ruby,337,296,41,12.166172,65,50,15,23.076923
sferik/multi_xml,ruby,876,582,294,33.561646,34,20,14,41.17647
sferik/rails_admin,ruby,7989,4755,3234,40.48066,1380,488,892,64.63768
sferik/sign-in-with-twitter,ruby,1058,939,119,11.247637,225,225,0,0
sferik/t,ruby,2765,2073,692,25.027126,32,26,6,18.75
sferik/twitter,ruby,4424,3817,607,13.720615,467,353,114,24.411135
sgruhier/foundation_rails_helper,ruby,37,30,7,18.918919,25,23,2,8
shadabahmed/logstasher,ruby,2386,2144,242,10.142498,27,27,0,0
shageman/the_next_big_thing,ruby,137,91,46,33.576645,17,8,9,52.941177
shawn42/gamebox,ruby,158,128,30,18.98734,76,76,0,0
shoes/shoes4,ruby,6875,6114,761,11.069091,215,200,15,6.9767447
Shopify/active_shipping,ruby,2417,2082,335,13.860157,289,247,42,14.532871
Shopify/identity_cache,ruby,2826,2192,634,22.434538,60,15,45,75
Shopify/liquid,ruby,3283,2641,642,19.555285,1012,895,117,11.561265
Shopify/shipit-engine,ruby,633,593,40,6.319115,32,22,10,31.25
Shopify/shopify_api,ruby,2223,1733,490,22.042284,416,362,54,12.980769
Shopify/shopify_app,ruby,137,132,5,3.6496348,45,44,1,2.2222223
Shopify/shopify_theme,ruby,248,236,12,4.8387094,22,22,0,0
Shopify/statsd-instrument,ruby,917,842,75,8.178844,42,38,4,9.523809
Shopify/verdict,java,330,256,74,22.424242,56,36,20,35.714287
shyiko/mysql-binlog-connector-java,ruby,154,137,17,11.038961,15,15,0,0
SimonVT/android-menudrawer,java,122,71,51,41.80328,5,1,4,80
simpligility/android-maven-plugin,ruby,105,44,61,58.09524,282,117,165,58.510635
skoji/gepub,ruby,352,273,79,22.443182,20,17,3,15.000001
skylightio/skylight-ruby,ruby,1561,644,917,58.744396,2910,2371,539,18.522337
slim-template/slim,ruby,30235,6501,23734,78.49843,2898,1488,1410,48.654243
snitko/straight-server,java,90,74,16,17.777779,4,4,0,0
solnic/virtus,java,2832,2174,658,23.234463,178,139,39,21.910112
SomMeri/less4j,java,853,730,123,14.419696,1,0,1,100
SonarSource/sonarqube,ruby,7417,5086,2331,31.427801,948,672,276,29.113924
sosedoff/lxc-ruby,java,312,245,67,21.474358,13,13,0,0
soundcloud/java-api-wrapper,ruby,50,39,11,22,46,35,11,23.913044
soundcloud/lhm,java,1170,997,173,14.786325,19,7,12,63.15789
spacecowboy/NoNonsense-FilePicker,java,14,10,4,28.57143,1,0,1,100
sparklemotion/mechanize,ruby,512,429,83,16.210938,362,341,21,5.801105
sparklemotion/nokogiri,ruby,2795,1638,1157,41.395348,720,559,161,22.36111
sparklemotion/sqlite3-ruby,ruby,502,56,446,88.84462,24,0,24,100
spilliton/randumb,java,462,274,188,40.69264,69,6,63,91.30435
spockframework/spock,java,412,341,71,17.23301,7,7,0,0
SpongePowered/Sponge,java,1173,887,286,24.381927,692,584,108,15.606936
SpongePowered/SpongeAPI,ruby,1916,1644,272,14.196242,617,545,72,11.669368
SpontaneousCMS/spontaneous,ruby,629,116,513,81.55803,4,0,4,100
sporkmonger/addressable,java,1458,1000,458,31.412893,104,68,36,34.615387
spotify/cassandra-reaper,java,299,257,42,14.046823,4,4,0,0
SpoutDev/Spout,java,180,110,70,38.88889,24,13,11,45.833336
SpoutDev/Vanilla,ruby,59,34,25,42.372883,39,23,16,41.025642
spree-contrib/spree_active_shipping,ruby,142,104,38,26.760563,274,138,136,49.635036
spree-contrib/spree_i18n,ruby,368,231,137,37.22826,272,193,79,29.044119
spree-contrib/spree_social,ruby,44,21,23,52.272724,135,107,28,20.74074
spree-contrib/spree_wishlist,ruby,37,34,3,8.108108,94,77,17,18.085106
spree/spree,ruby,1672,600,1072,64.11483,11988,4187,7801,65.07341
spree/spree_gateway,java,420,232,188,44.761906,1026,639,387,37.7193
spring-cloud/spring-cloud-config,java,199,135,64,32.160805,10,8,2,20
spring-io/sagan,java,165,140,25,15.151516,5,3,2,40
spring-projects/spring-data-examples,java,102,80,22,21.568628,2,0,2,100
springside/springside4,ruby,244,160,84,34.42623,2,1,1,50
spullara/mustache.java,java,132,122,10,7.575758,4,3,1,25
SQiShER/java-object-diff,java,144,140,4,2.777778,30,30,0,0
square/android-times-square,java,61,45,16,26.229507,1,1,0,0
square/assertj-android,java,81,51,30,37.037037,15,11,4,26.666668
square/dagger,java,356,305,51,14.325842,10,6,4,40
square/keywhiz,java,296,284,12,4.054054,3,3,0,0
square/okhttp,java,2456,1206,1250,50.895767,24,6,18,75
square/okio,java,276,270,6,2.173913,2,2,0,0
square/picasso,java,295,259,36,12.20339,9,9,0,0
square/retrofit,ruby,701,654,47,6.7047076,25,24,1,4
square/wire,ruby,573,553,20,3.4904015,4,4,0,0
sstephenson/execjs,ruby,535,305,230,42.990654,12,5,7,58.333332
sstephenson/sprockets,java,2334,1856,478,20.479862,97,76,21,21.649485
stanfy/enroscar,ruby,17,6,11,64.70589,228,91,137,60.087715
steelThread/redmon,java,167,128,39,23.353294,23,23,0,0
stephanenicolas/robospice,ruby,1353,507,846,62.527718,21,11,10,47.61905
stevegraham/slanger,ruby,209,89,120,57.416267,52,30,22,42.307693
stripe/einhorn,ruby,521,410,111,21.305183,62,34,28,45.16129
stripe/mosql,java,172,162,10,5.813954,3,1,2,66.66667
structr/structr,ruby,1776,1062,714,40.202705,1059,470,589,55.618507
sue445/rubicure,ruby,288,271,17,5.9027777,7,7,0,0
sul-dlss/spotlight,ruby,2230,1944,286,12.825112,16,13,3,18.75
sunitparekh/data-anonymization,ruby,299,248,51,17.056856,122,112,10,8.196721
sunlightlabs/scout,ruby,7,7,0,0,909,346,563,61.936195
sup-heliotrope/sup,ruby,739,670,69,9.336942,97,76,21,21.649485
supermarin/xcpretty,ruby,616,480,136,22.077923,698,529,169,24.212034
Sutto/rocket_pants,ruby,2749,1038,1711,62.240814,36,0,36,100
svenfuchs/gem-release,ruby,357,297,60,16.806723,13,13,0,0
svenfuchs/rails-i18n,ruby,542,511,31,5.719557,107,92,15,14.018692
swanson/stringer,ruby,461,436,25,5.422993,86,75,11,12.790698
swipely/docker-api,ruby,1530,1432,98,6.405229,67,57,10,14.925373
swipely/dockly,java,1552,1377,175,11.275773,6,6,0,0
syncany/syncany,java,599,556,43,7.178631,9,9,0,0
t-oster/VisiCut,ruby,407,338,69,16.953316,21,8,13,61.904762
taganaka/polipus,java,462,405,57,12.337663,24,6,18,75
taskrabbit/makara,ruby,3868,3043,825,21.328852,150,80,70,46.666668
tchandy/octopus,ruby,1079,559,520,48.192772,56,13,43,76.78571
tdiary/tdiary-core,java,9143,6713,2430,26.577711,135,120,15,11.111112
teamed/qulice,ruby,287,145,142,49.477352,58,34,24,41.37931
teampoltergeist/poltergeist,ruby,265,124,141,53.207546,2439,978,1461,59.9016
technicalpickles/homesick,ruby,283,250,33,11.660777,15,15,0,0
tent/tentd,ruby,601,308,293,48.75208,20,9,11,55
test-kitchen/kitchen-vagrant,ruby,457,445,12,2.6258206,20,16,4,20
test-kitchen/test-kitchen,ruby,7220,6331,889,12.31302,387,347,40,10.335917
test-unit/test-unit,java,253,173,80,31.620554,2171,1586,585,26.946106
TestFX/TestFX,java,95,73,22,23.157894,2,2,0,0
the-teacher/the_role,ruby,110,89,21,19.090908,9,3,6,66.66667
theforeman/foreman,ruby,18,1,17,94.44444,124,44,80,64.51613
thetron/mongoid_token,ruby,136,114,22,16.176472,83,80,3,3.6144576
thibaudgg/video_info,java,734,597,137,18.66485,19,16,3,15.789473
thinkaurelius/titan,ruby,630,152,478,75.87302,37,14,23,62.162163
thinreports/thinreports-generator,ruby,312,202,110,35.25641,237,163,74,31.223627
thoughtbot/appraisal,ruby,597,567,30,5.0251255,597,581,16,2.680067
thoughtbot/capybara-webkit,ruby,1411,839,572,40.538624,476,371,105,22.058825
thoughtbot/clearance,ruby,971,796,175,18.022655,310,190,120,38.709675
thoughtbot/factory_girl,ruby,2015,1684,331,16.426798,780,513,267,34.23077
thoughtbot/factory_girl_rails,ruby,307,102,205,66.775246,231,27,204,88.31169
thoughtbot/flutie,ruby,4690,2599,2091,44.58422,62,2,60,96.77419
thoughtbot/gitsh,ruby,702,288,414,58.97436,126,65,61,48.412697
thoughtbot/griddler,ruby,1092,979,113,10.347985,294,286,8,2.7210884
thoughtbot/high_voltage,ruby,1193,803,390,32.690697,234,185,49,20.94017
thoughtbot/hound,ruby,2018,1496,522,25.867193,134,89,45,33.58209
thoughtbot/kumade,ruby,9,0,9,100,137,83,54,39.41606
thoughtbot/paperclip,ruby,6060,3512,2548,42.046204,2823,1455,1368,48.459087
thoughtbot/paul_revere,ruby,640,610,30,4.6875,100,88,12,12
thoughtbot/shoulda-matchers,ruby,8761,6325,2436,27.805046,2516,2108,408,16.216215
thoughtbot/suspenders,ruby,2049,1389,660,32.210835,447,320,127,28.411633
ThoughtWorksStudios/eb_deployer,java,421,341,80,19.002375,9,0,9,100
threerings/playn,ruby,253,230,23,9.090909,174,162,12,6.8965516
tigrish/devise-i18n,java,145,134,11,7.5862074,15,15,0,0
tilal6991/HoloIRC,ruby,1,1,0,0,139,58,81,58.27338
tim-vandecasteele/grape-swagger,java,829,757,72,8.685163,232,230,2,0.86206895
timmolter/XChange,java,719,606,113,15.716272,38,29,9,23.684212
tinkerpop/blueprints,java,1102,655,447,40.562614,95,48,47,49.473686
tinkerpop/gremlin,java,434,341,93,21.428572,57,30,27,47.368423
tinkerpop/rexster,java,1442,1101,341,23.647713,21,21,0,0
tjerkw/Android-SlideExpandableListView,ruby,42,1,41,97.61904,6,0,6,100
tmuxinator/tmuxinator,ruby,1429,1258,171,11.966411,161,146,15,9.31677
TMXCredit/pg_power,java,284,244,40,14.084508,290,180,110,37.931034
togglz/togglz,ruby,161,108,53,32.919254,6,6,0,0
tom-lord/regexp-examples,ruby,332,287,45,13.554217,107,101,6,5.607476
Tomohiro/airplayer,java,229,183,46,20.087336,15,8,7,46.666668
tomp2p/TomP2P,ruby,208,14,194,93.269226,5,0,5,100
topfunky/gruff,ruby,720,589,131,18.194445,9,0,9,100
toptal/chewy,java,6499,4560,1939,29.835358,341,191,150,43.98827
torakiki/pdfsam,java,281,170,111,39.50178,1,1,0,0
torquebox/torquebox,ruby,346,165,181,52.31214,56,30,26,46.42857
toy/image_optim,ruby,1746,1506,240,13.745705,273,261,12,4.3956046
tpitale/legato,ruby,440,328,112,25.454544,9,9,0,0
trautonen/coveralls-maven-plugin,ruby,115,107,8,6.9565215,8,8,0,0
travis-ci/travis-cookbooks,ruby,961,911,50,5.2029138,26,22,4,15.384616
travis-ci/travis-core,ruby,5563,4252,1311,23.56642,94,58,36,38.297874
travis-ci/travis-yaml,ruby,265,216,49,18.490566,8,0,8,100
travis-ci/travis.rb,ruby,3735,3179,556,14.88621,38,38,0,0
travisjeffery/timecop,java,420,315,105,25,35,15,20,57.14286
trifork/erjang,ruby,69,55,14,20.289854,50,49,1,2
troessner/reek,ruby,3379,3255,124,3.6697247,72,64,8,11.111112
trulia/hologram,ruby,216,155,61,28.24074,37,25,12,32.43243
tscolari/mobylette,ruby,189,153,36,19.047619,3,3,0,0
turboladen/tailor,java,162,80,82,50.617283,4,0,4,100
twall/jna,ruby,170,107,63,37.058823,12,6,6,50
twbs/bootstrap-sass,ruby,3966,2907,1059,26.701965,195,116,79,40.51282
twers/re-education,java,85,72,13,15.294118,5,5,0,0
twilio/twilio-java,ruby,246,239,7,2.8455286,55,52,3,5.4545455
twilio/twilio-ruby,java,2493,2094,399,16.004814,77,54,23,29.870129
twitter/cloudhopper-smpp,java,43,34,9,20.930233,5,4,1,20
twitter/commons,java,1086,152,934,86.003685,134,66,68,50.74627
twitter/elephant-bird,java,57,48,9,15.789473,18,13,5,27.777779
twitter/hbc,java,122,118,4,3.2786884,8,8,0,0
twitter/hraven,ruby,172,169,3,1.7441862,4,4,0,0
twitter/secureheaders,ruby,768,614,154,20.052082,20,20,0,0
twitter/twitter-cldr-rb,ruby,6283,3894,2389,38.023235,144,128,16,11.111112
typhoeus/ethon,ruby,1797,1041,756,42.070118,99,24,75,75.757576
typhoeus/typhoeus,ruby,2450,1637,813,33.183674,82,64,18,21.95122
typus/typus,java,478,294,184,38.49372,18,13,5,27.777779
undera/jmeter-plugins,java,255,190,65,25.490198,12,10,2,16.666668
Unicon/cas-addons,java,157,150,7,4.4585986,82,75,7,8.536586
Unidata/thredds,java,3776,1794,1982,52.489407,232,75,157,67.67242
ushahidi/SMSSync,java,205,88,117,57.07317,2,2,0,0
validator/validator,ruby,332,277,55,16.566265,1,1,0,0
vaneyckt/Jently,ruby,412,204,208,50.48544,99,63,36,36.363636
vcr/vcr,ruby,1896,778,1118,58.966244,70,34,36,51.428574
venmo/slather,ruby,175,158,17,9.714286,4,3,1,25
venmo/synx,ruby,186,158,28,15.053764,2,0,2,100
vigetlabs/sprig,ruby,386,316,70,18.134714,44,28,16,36.363636
voltrb/volt,ruby,2816,2658,158,5.6107955,138,126,12,8.695652
voormedia/rails-erd,ruby,364,354,10,2.7472527,75,75,0,0
walle/gimli,java,183,137,46,25.13661,29,6,23,79.31035
WeAreFarmGeek/diplomat,ruby,370,340,30,8.108108,13,13,0,0
websocket-rails/websocket-rails,java,220,195,25,11.363637,19,13,6,31.578945
weld/core,ruby,421,349,72,17.102137,464,426,38,8.189655
weppos/whois,ruby,2390,2127,263,11.004184,261,249,12,4.597701
whichdigital/active-rest-client,ruby,336,294,42,12.5,45,45,0,0
willdurand/puppet-nodejs,ruby,568,531,37,6.5140843,34,34,0,0
winebarrel/ridgepole,ruby,427,402,25,5.854801,426,417,9,2.112676
WinRb/vagrant-windows,ruby,247,233,14,5.668016,9,9,0,0
WinRb/WinRM,java,234,219,15,6.410257,15,9,6,40
woorea/openstack-java-sdk,ruby,90,63,27,30.000002,19,13,6,31.578945
wr0ngway/rubber,ruby,144,81,63,43.75,320,160,160,50
wvanbergen/chunky_png,ruby,713,539,174,24.403927,40,32,8,20
wvanbergen/request-log-analyzer,ruby,1704,1008,696,40.84507,64,56,8,12.5
wvanbergen/state_machine-audit_trail,java,207,174,33,15.94203,9,5,4,44.444447
xerial/sqlite-jdbc,java,144,140,4,2.777778,52,52,0,0
xetorthio/jedis,java,1603,1292,311,19.401123,307,266,41,13.355049
xtreemfs/xtreemfs,java,515,337,178,34.563107,128,79,49,38.28125
yahoo/samoa,java,69,54,15,21.73913,4,4,0,0
yegor256/rultor,ruby,820,468,352,42.92683,446,356,90,20.17937
yob/pdf-reader,ruby,850,528,322,37.88235,45,38,7,15.555556
yolk/valvat,ruby,798,686,112,14.035088,30,15,15,50
youpy/ruby-lastfm,java,183,153,30,16.393442,21,15,6,28.57143
yui/yuicompressor,ruby,2,2,0,0,8,7,1,12.5
yuki24/did_you_mean,java,6752,5699,1053,15.59538,506,497,9,1.778656
zanata/zanata-server,ruby,103,19,84,81.5534,18,1,17,94.44444
zdavatz/spreadsheet,ruby,598,378,220,36.7893,228,228,0,0
zdennis/activerecord-import,java,45,40,5,11.111112,2,2,0,0
zeisler/active_mocker,ruby,181,121,60,33.14917,806,696,110,13.647643
zendesk/samson,ruby,2297,1903,394,17.15281,243,177,66,27.160492
zeroturnaround/zt-exec,java,183,174,9,4.9180326,87,79,8,9.195402
zeroturnaround/zt-zip,ruby,299,250,49,16.38796,4,4,0,0
zevarito/mixpanel,java,219,151,68,31.050228,47,20,27,57.446808
zhangkaitao/es,ruby,220,85,135,61.363636,1,1,0,0
zinenko/vk-ruby,ruby,359,244,115,32.033424,2,2,0,0
zmoazeni/csscss,ruby,116,115,1,0.86206895,27,16,11,40.74074
zquestz/omniauth-google-oauth2,java,415,390,25,6.0240965,19,19,0,0
zxing/zxing,java,41,0,41,100,11,9,2,18.181818