Project Name,Language,CM Builds,CM Passed Builds,CM Broken Builds,CM Broken Build p,OM Builds,OM Passed Builds,OM Broken Builds,OM Broken Build p
47deg/appsly-android-rest,java,253,4,249,98.418976,4,0,4,100.0
abarisain/dmix,java,616,523,93,15.097402,26,22,4,15.384616
AChep/AcDisplay,ruby,485,208,277,57.113403,3,0,3,100.0
activeadmin/activeadmin,java,7731,5943,1788,23.127668,2751,2114,637,23.155216
activerecord-hackery/ransack,ruby,25274,21889,3385,13.393209,2658,1972,686,25.80888
activerecord-hackery/squeel,ruby,3230,2367,863,26.718266,291,0,291,100.0
activescaffold/active_scaffold,ruby,9529,7806,1723,18.081646,745,544,201,26.979866
activewarehouse/activewarehouse-etl,java,596,165,431,72.31544,60,36,24,40.0
adamfisk/LittleProxy,java,633,513,120,18.957346,38,32,6,15.789473
addthis/stream-lib,ruby,459,357,102,22.222223,87,24,63,72.41379
adelevie/parse-ruby-client,ruby,812,624,188,23.15271,133,112,21,15.789473
adelevie/parse_resource,ruby,142,53,89,62.676056,27,25,2,7.4074073
adhearsion/adhearsion,ruby,6381,1450,4931,77.27629,184,48,136,73.91304
afeld/magickly,ruby,408,252,156,38.235294,44,34,10,22.727274
agoragames/leaderboard,ruby,188,161,27,14.361702,3,3,0,0.0
ai/autoprefixer-rails,ruby,5054,4609,445,8.804907,165,125,40,24.242424
ai/r18n,ruby,1067,702,365,34.20806,64,37,27,42.1875
airbnb/nerve,ruby,203,169,34,16.748768,40,34,6,15.000001
airbnb/synapse,java,489,469,20,4.0899796,26,26,0,0.0
airlift/airlift,java,492,207,285,57.926826,47,40,7,14.893617
airlift/slice,ruby,104,95,9,8.653847,10,10,0,0.0
Albacore/albacore,java,1231,826,405,32.90008,44,39,5,11.363637
albertlatacz/java-repl,java,289,281,8,2.768166,4,3,1,25.0
alexreisner/geocoder,ruby,7576,4988,2588,34.160507,1368,936,432,31.578945
alisnic/nyny,ruby,516,339,177,34.302326,31,22,9,29.032257
alt3/cakebox,ruby,91,0,91,100.0,4,0,4,100.0
alvinsj/flatten_record,ruby,239,223,16,6.6945605,12,8,4,33.333336
amahi/platform,ruby,672,572,100,14.880952,37,25,12,32.43243
amatsuda/active_decorator,ruby,2109,1420,689,32.66951,212,121,91,42.92453
amatsuda/kaminari,ruby,20889,12537,8352,39.982765,2175,1135,1040,47.816093
ananthakumaran/fake_dynamo,ruby,322,215,107,33.229813,52,49,3,5.769231
ankane/groupdate,ruby,2497,1810,687,27.513016,113,113,0,0.0
ankane/searchkick,java,5847,4669,1178,20.147083,312,232,80,25.641027
anthonycr/Lightning-Browser,ruby,538,355,183,34.01487,35,22,13,37.142857
antirez/redis-doc,java,808,729,79,9.777227,166,165,1,0.6024096
aol/micro-server,java,535,100,435,81.30841,64,1,63,98.4375
apache/drill,java,272,57,215,79.04411,573,117,456,79.581154
apache/flink,java,211,60,151,71.56398,551,165,386,70.05445
apache/jackrabbit-oak,java,3944,2141,1803,45.71501,5486,2949,2537,46.244987
apache/sling,java,1388,42,1346,96.97406,3024,210,2814,93.05556
apache/storm,java,821,290,531,64.67722,2735,776,1959,71.62706
apache/tajo,ruby,267,215,52,19.475655,695,563,132,18.992805
apneadiving/Google-Maps-for-Rails,ruby,662,301,361,54.531723,64,24,40,62.5
applicationsonline/librarian,ruby,65,33,32,49.23077,1413,1033,380,26.893135
aprescott/serif,ruby,1065,928,137,12.863849,5,5,0,0.0
aq1018/mongoid-history,ruby,583,485,98,16.809605,37,28,9,24.324326
arangamani/jenkins_api_client,ruby,3985,2977,1008,25.294855,355,333,22,6.197183
arches/table_print,ruby,1455,921,534,36.70103,37,21,16,43.243244
ari/jobsworth,ruby,2115,642,1473,69.64539,824,366,458,55.582523
ariejan/imdb,ruby,296,267,29,9.7972975,50,36,14,28.0
arsduo/batch_api,ruby,297,186,111,37.373737,37,16,21,56.75676
arsduo/koala,java,2584,1614,970,37.5387,259,168,91,35.135136
artem-zinnatullin/android-wail-app,ruby,71,58,13,18.309858,109,96,13,11.926605
ArturT/knapsack,ruby,2283,1906,377,16.51336,25,20,5,20.0
asakusarb/action_args,java,2290,1617,673,29.388645,110,82,28,25.454544
asciidocfx/AsciidocFX,ruby,469,410,59,12.579957,115,110,5,4.347826
asciidoctor/asciidoctor,ruby,9046,8197,849,9.385364,488,437,51,10.45082
asciidoctor/asciidoctor-diagram,ruby,646,508,138,21.362228,48,44,4,8.333334
asciinema/asciinema.org,ruby,1997,1050,947,47.42113,13,10,3,23.076923
ashmckenzie/percheron,ruby,321,282,39,12.149533,3,3,0,0.0
asm-helpful/helpful-web,ruby,1036,765,271,26.1583,73,61,12,16.438356
assaf/vanity,ruby,11926,11142,784,6.573872,1041,897,144,13.832853
atmos/heaven,ruby,214,155,59,27.570093,19,16,3,15.789473
attr-encrypted/attr_encrypted,ruby,1923,1550,373,19.396776,98,88,10,10.204082
avdi/naught,ruby,391,338,53,13.554987,60,51,9,15.000001
avoinministerio/avoinministerio,ruby,346,10,336,97.109825,40,0,40,100.0
awestruct/awestruct,java,3687,2560,1127,30.566856,370,304,66,17.837837
aws/aws-sdk-java,ruby,419,191,228,54.415276,1026,314,712,69.395706
aws/aws-sdk-ruby,java,5577,3570,2007,35.98709,76,54,22,28.947369
azagniotov/stubby4j,java,1483,1295,188,12.677007,24,18,6,25.0
azkaban/azkaban,ruby,450,427,23,5.111111,25,25,0,0.0
Azure/azure-sdk-for-ruby,java,730,658,72,9.863014,301,287,14,4.6511626
AzureAD/azure-activedirectory-library-for-android,ruby,1365,974,391,28.64469,59,28,31,52.54237
balanced/balanced-ruby,java,943,593,350,37.11559,67,45,22,32.83582
bartdag/py4j,java,546,366,180,32.967033,20,8,12,60.000004
BaseXdb/basex,java,391,332,59,15.089514,5,3,2,40.0
basho/riak-java-client,ruby,128,81,47,36.71875,115,60,55,47.826088
bbatsov/powerpack,ruby,299,279,20,6.688963,68,64,4,5.882353
bbatsov/rubocop,ruby,192,176,16,8.333334,492,483,9,1.8292682
BBC-News/wraith,ruby,1149,956,193,16.797215,84,62,22,26.190477
bear-metal/tunemygc,ruby,1212,928,284,23.432343,12,12,0,0.0
beerlington/classy_enum,ruby,1503,1300,203,13.50632,23,23,0,0.0
bellycard/napa,ruby,287,277,10,3.4843206,11,10,1,9.090909
bemyeyes/bemyeyes-server,ruby,1,0,1,100.0,133,0,133,100.0
benbalter/gman,ruby,553,416,137,24.77396,15,11,4,26.666668
benbalter/jekyll-auth,ruby,190,139,51,26.842106,8,8,0,0.0
benbalter/word-to-markdown,ruby,320,155,165,51.5625,8,6,2,25.0
benhoskings/babushka,ruby,3084,2210,874,28.339819,148,106,42,28.37838
benjaminoakes/maid,ruby,76,48,28,36.842106,1662,1316,346,20.81829
bensie/sshkey,java,1242,748,494,39.77456,44,44,0,0.0
Berico-Technologies/CLAVIN,ruby,121,63,58,47.933884,20,10,10,50.0
berkshelf/berkshelf-api,ruby,984,510,474,48.17073,210,169,41,19.52381
berkshelf/vagrant-berkshelf,ruby,412,290,122,29.61165,51,42,9,17.647058
bflad/chef-docker,ruby,597,407,190,31.825796,69,40,29,42.028984
bikeindex/bike_index,ruby,1608,1456,152,9.452736,20,18,2,10.0
binarylogic/authlogic,java,660,585,75,11.363637,359,329,30,8.356545
biojava/biojava,java,409,350,59,14.425428,12,10,2,16.666668
bitcoinj/bitcoinj,java,124,119,5,4.032258,54,53,1,1.8518518
bkeepers/dotenv,ruby,140,48,92,65.71429,8,8,0,0.0
bkeepers/qu,ruby,495,444,51,10.30303,49,34,15,30.612246
blowmage/minitest-rails,java,1567,709,858,54.754303,180,45,135,75.0
bndtools/bnd,java,543,489,54,9.944751,67,56,11,16.41791
bndtools/bndtools,ruby,333,313,20,6.0060062,13,13,0,0.0
bogdan/datagrid,ruby,347,280,67,19.308357,6,3,3,50.0
bokmann/business_time,ruby,428,390,38,8.878505,67,65,2,2.9850745
bokmann/font-awesome-rails,java,1305,1102,203,15.555556,88,57,31,35.227272
BoltsFramework/Bolts-Android,ruby,127,119,8,6.2992125,2,2,0,0.0
bostonrb/bostonrb,ruby,53,20,33,62.26415,47,24,23,48.93617
boxen/boxen,ruby,18,18,0,0.0,21,17,4,19.047619
boxen/puppet-boxen,ruby,51,42,9,17.647058,19,17,2,10.526316
bploetz/versionist,java,1236,417,819,66.26214,74,4,70,94.59459
brettwooldridge/HikariCP,ruby,1593,1429,164,10.295041,18,18,0,0.0
brewster/elastictastic,java,181,39,142,78.45304,18,1,17,94.44444
brianfrankcooper/YCSB,ruby,190,182,8,4.2105265,42,34,8,19.047619
brianmario/mysql2,ruby,2642,1809,833,31.529144,284,216,68,23.943663
brigade/overcommit,java,3002,2491,511,17.021986,690,625,65,9.42029
broadinstitute/picard,javascript,1003,894,109,10.867397,94,86,8,8.510638
brooklyncentral/clocker,ruby,297,259,38,12.794612,16,13,3,18.75
brooklynDev/airborne,ruby,401,330,71,17.705736,73,69,4,5.479452
browsermedia/browsercms,java,144,10,134,93.05556,11,0,11,100.0
bruno-medeiros/DDT,java,398,246,152,38.190956,2,2,0,0.0
BuildCraft/BuildCraft,java,1753,890,863,49.229893,301,165,136,45.182724
bumptech/glide,ruby,339,336,3,0.88495576,26,23,3,11.538462
burke/zeus,ruby,494,323,171,34.615387,33,22,11,33.333336
burtlo/ark,ruby,225,54,171,76.0,71,29,42,59.154926
bwillis/versioncake,ruby,1310,1183,127,9.694656,29,29,0,0.0
byroot/activerecord-typedstore,java,1988,1560,428,21.529175,32,0,32,100.0
caelum/mamute,java,90,75,15,16.666668,24,13,11,45.833336
caelum/tubaina,java,42,24,18,42.857143,14,12,2,14.285715
caelum/vraptor,java,106,97,9,8.490566,12,9,3,25.0
caelum/vraptor4,ruby,2214,1932,282,12.737126,67,64,3,4.477612
calabash/calabash-ios,ruby,2,2,0,0.0,2,2,0,0.0
calagator/calagator,ruby,7710,6830,880,11.413749,1439,1109,330,22.932592
camping/camping,ruby,925,567,358,38.7027,103,70,33,32.038834
CanCanCommunity/cancancan,ruby,8316,6404,1912,22.991823,1447,1161,286,19.765032
cantino/huginn,ruby,4182,3666,516,12.3385935,236,194,42,17.79661
cantino/reckon,ruby,28,28,0,0.0,4,4,0,0.0
carymrobbins/intellij-haskforce,ruby,10,6,4,40.0,1,1,0,0.0
Casecommons/pg_search,java,8805,7372,1433,16.274843,1900,1460,440,23.157894
caskdata/tephra,ruby,177,163,14,7.909604,1,1,0,0.0
cassianoleal/vagrant-butcher,java,92,79,13,14.130434,4,3,1,25.0
castorflex/SmoothProgressBar,java,51,34,17,33.333336,2,1,1,50.0
cbeust/testng,ruby,570,470,100,17.54386,16,16,0,0.0
ccocchi/rabl-rails,ruby,668,523,145,21.706587,50,30,20,40.0
celluloid/celluloid,ruby,14500,8145,6355,43.827587,956,508,448,46.861927
celluloid/celluloid-io,ruby,2951,1035,1916,64.92714,201,58,143,71.14428
celluloid/celluloid-zmq,ruby,1016,521,495,48.720474,76,41,35,46.05263
celluloid/timers,ruby,616,492,124,20.12987,39,16,23,58.97436
ceph/ceph-cookbook,ruby,224,204,20,8.928572,22,22,0,0.0
cerebris/jsonapi-resources,ruby,3048,2931,117,3.8385828,223,219,4,1.793722
cgriego/active_attr,ruby,2275,1504,771,33.89011,133,103,30,22.55639
chanks/que,ruby,358,0,358,100.0,14,0,14,100.0
charliesome/better_errors,ruby,289,256,33,11.418685,44,26,18,40.909092
charlotte-ruby/impressionist,java,781,568,213,27.272728,444,175,269,60.585587
checkstyle/checkstyle,ruby,8281,7530,751,9.0689535,4269,4178,91,2.1316466
cheezy/page-object,ruby,1933,1396,537,27.780651,104,56,48,46.153847
chef/chef,ruby,8781,7045,1736,19.769958,514,395,119,23.15175
chef/omnibus,java,562,544,18,3.202847,547,534,13,2.3765996
ci-reporter/ci_reporter,ruby,282,188,94,33.333336,202,31,171,84.653465
clayallsopp/formotion,java,59,15,44,74.57627,4,0,4,100.0
cloudera/spark-dataflow,ruby,198,198,0,0.0,12,10,2,16.666668
cloudfoundry/cloud_controller_ng,java,9254,7043,2211,23.892372,1011,799,212,20.969337
cloudfoundry/uaa,ruby,3847,3454,393,10.215753,208,193,15,7.2115383
cloudfoundry/warden,java,229,222,7,3.0567684,102,96,6,5.882353
CloudifySource/cloudify,ruby,4433,3101,1332,30.047373,1319,1171,148,11.220621
code-mancers/invoker,java,777,578,199,25.611326,29,26,3,10.344828
code4craft/webmagic,ruby,17,17,0,0.0,3,3,0,0.0
codebrew/backbone-rails,ruby,140,120,20,14.285715,30,30,0,0.0
codecation/trailmix,ruby,3,3,0,0.0,73,64,9,12.328767
codefirst/AsakusaSatellite,ruby,1593,1503,90,5.6497173,7,7,0,0.0
codeforamerica/adopt-a-hydrant,ruby,1430,1281,149,10.41958,10,10,0,0.0
codeforamerica/citygram,ruby,1654,1488,166,10.036276,42,42,0,0.0
codeforamerica/textizen,ruby,64,4,60,93.75,332,46,286,86.14458
codetriage/codetriage,ruby,503,429,74,14.71173,47,42,5,10.638298
codevise/pageflow,ruby,936,915,21,2.2435899,18,16,2,11.111112
coinbase/toshi,ruby,315,299,16,5.0793653,30,24,6,20.0
colinsurprenant/redstorm,ruby,196,151,45,22.959183,2,0,2,100.0
collectiveidea/audited,ruby,953,604,349,36.621197,227,153,74,32.599117
collectiveidea/awesome_nested_set,ruby,10050,6590,3460,34.42786,1763,1186,577,32.728306
collectiveidea/interactor,ruby,104,100,4,3.846154,14,14,0,0.0
collectiveidea/json_spec,ruby,174,162,12,6.8965516,34,22,12,35.294117
colszowka/simplecov,ruby,2738,1547,1191,43.498905,345,187,158,45.7971
comfy/comfortable-mexican-sofa,ruby,5197,4004,1193,22.955551,349,291,58,16.61891
Compass/compass-rails,ruby,2213,1778,435,19.656574,306,214,92,30.065361
concerto/concerto,java,7519,6322,1197,15.91967,13,9,4,30.769232
connectbot/connectbot,ruby,513,483,30,5.8479533,18,16,2,11.111112
coorasse/Airesis,java,651,94,557,85.56068,7,2,5,71.42857
crawljax/crawljax,ruby,169,93,76,44.970413,1,1,0,0.0
crowdint/rails3-jquery-autocomplete,ruby,113,107,6,5.3097343,44,40,4,9.090909
cryptosphere/rbnacl,ruby,3874,3190,684,17.65617,74,52,22,29.72973
csc/Hanlon,ruby,161,153,8,4.968944,3,3,0,0.0
ctran/annotate_models,java,1405,628,777,55.30249,82,61,21,25.609756
CyberAgent/android-gpuimage,ruby,93,34,59,63.44086,8,5,3,37.5
cypriss/mutations,ruby,330,272,58,17.575758,43,33,10,23.255816
cyu/rack-cors,java,75,58,17,22.666668,7,7,0,0.0
daimajia/AndroidImageSlider,ruby,74,66,8,10.810811,3,2,1,33.333336
danielweinmann/catarse,ruby,899,265,634,70.522804,164,33,131,79.87805
danmayer/coverband,ruby,287,198,89,31.010452,6,6,0,0.0
danmunn/redmine_dmsf,ruby,1062,262,800,75.32957,29,14,15,51.724136
dannnylo/rtesseract,ruby,420,300,120,28.57143,6,6,0,0.0
data-axle/cassandra_object,ruby,492,122,370,75.203255,25,18,7,28.0
DatabaseCleaner/database_cleaner,ruby,516,408,108,20.930233,301,237,64,21.262459
datamapper/do,java,889,663,226,25.421822,61,26,35,57.377045
datastax/java-driver,ruby,3585,2544,1041,29.037657,174,120,54,31.034481
datastax/ruby-driver,ruby,5790,3218,2572,44.421417,83,38,45,54.21687
davetron5000/gli,ruby,814,521,293,35.995087,170,124,46,27.058825
davetron5000/methadone,ruby,1040,661,379,36.442307,31,18,13,41.935482
davidcelis/api-pagination,ruby,650,592,58,8.923077,32,32,0,0.0
davidcelis/recommendable,java,1041,707,334,32.084534,89,34,55,61.79775
davidmoten/rxjava-jdbc,ruby,789,757,32,4.0557666,15,15,0,0.0
dblock/rspec-rerun,java,675,575,100,14.814815,101,92,9,8.910892
dblock/waffle,ruby,1166,926,240,20.58319,7,4,3,42.857143
ddollar/foreman,java,1774,1378,396,22.322435,365,284,81,22.19178
deeplearning4j/deeplearning4j,ruby,2713,269,2444,90.08478,76,0,76,100.0
defunkt/fakefs,ruby,734,536,198,26.975477,220,173,47,21.363636
dejan/auto_html,ruby,387,283,104,26.873386,64,52,12,18.75
dejan/rails_panel,ruby,341,286,55,16.129032,31,18,13,41.935482
denniskuczynski/beanstalkd_view,java,120,100,20,16.666668,10,9,1,10.0
dianping/cat,ruby,1071,798,273,25.490198,3,3,0,0.0
diaspora/diaspora,java,27186,11310,15876,58.397705,5095,2076,3019,59.25417
dinosaurwithakatana/hacker-news-android,ruby,294,90,204,69.38776,1,0,1,100.0
diowa/icare,ruby,81,72,9,11.111112,556,515,41,7.3741
discourse/onebox,java,411,335,76,18.491484,231,156,75,32.467533
dita-ot/dita-ot,ruby,1580,1403,177,11.202531,46,44,2,4.347826
dkubb/adamantium,ruby,888,612,276,31.081081,54,29,25,46.296295
dkubb/axiom,ruby,1058,591,467,44.139885,47,30,17,36.17021
dkubb/equalizer,ruby,1034,712,322,31.141201,46,19,27,58.69565
dkubb/ice_nine,ruby,1175,713,462,39.31915,34,16,18,52.941177
dkubb/memoizable,ruby,977,644,333,34.08393,23,23,0,0.0
dmarcotte/github-markdown-preview,java,633,457,176,27.804106,12,6,6,50.0
doanduyhai/Achilles,ruby,793,724,69,8.701136,10,10,0,0.0
dockyard/party_foul,ruby,345,270,75,21.73913,100,77,23,23.0
doorkeeper-gem/doorkeeper,java,9066,7721,1345,14.8356495,1593,1207,386,24.23101
DozerMapper/dozer,ruby,234,157,77,32.905983,77,67,10,12.987013
dradis/dradisframework,ruby,285,76,209,73.333336,72,0,72,100.0
drapergem/draper,ruby,5364,3387,1977,36.856823,517,320,197,38.104446
drbrain/net-http-persistent,java,343,248,95,27.696795,20,8,12,60.000004
dreamhead/moco,ruby,4475,2937,1538,34.368713,62,48,14,22.580645
drecom/activerecord-turntable,java,1925,1594,331,17.194805,36,36,0,0.0
drewnoakes/metadata-extractor,java,225,218,7,3.1111112,23,23,0,0.0
dropwizard/dropwizard,java,2179,2013,166,7.618173,205,177,28,13.658537
dropwizard/metrics,ruby,716,639,77,10.7541895,226,186,40,17.699116
drrb/puppet-library,java,1501,1181,320,21.31912,8,8,0,0.0
druid-io/druid,java,220,200,20,9.090909,534,456,78,14.606741
DSpace/DSpace,java,2001,1821,180,8.995502,141,132,9,6.382979
dynjs/dynjs,ruby,957,799,158,16.509926,52,50,2,3.846154
eclipse/jetty.project,ruby,12,0,12,100.0,396,14,382,96.464645
edelight/chef-mongodb,ruby,142,127,15,10.56338,33,30,3,9.090909
egonSchiele/contracts.ruby,java,2064,1768,296,14.3410845,141,125,16,11.347517
eirslett/frontend-maven-plugin,ruby,340,247,93,27.352942,38,36,2,5.263158
elabs/pundit,ruby,1892,1544,348,18.393234,275,228,47,17.09091
elastic/logstash,ruby,183,158,25,13.661202,441,316,125,28.34467
elcuervo/airplay,ruby,353,168,185,52.407932,51,26,25,49.019608
elm-city-craftworks/practicing-ruby-web,ruby,1085,871,214,19.723501,7,7,0,0.0
emberjs/ember-rails,java,3258,2843,415,12.737876,564,398,166,29.432625
embulk/embulk,java,984,908,76,7.7235775,33,32,1,3.030303
EmmanuelOga/ffaker,ruby,754,431,323,42.838196,143,41,102,71.32867
encrypt-to/encrypt.to,ruby,203,172,31,15.270937,2,0,2,100.0
engineyard/engineyard,ruby,1491,735,756,50.704224,93,50,43,46.23656
engineyard/engineyard-serverside,ruby,1322,1123,199,15.05295,38,23,15,39.473686
engineyard/ey-cloud-recipes,java,869,792,77,8.86076,101,99,2,1.980198
englishtown/vertx-jersey,ruby,10,9,1,10.0,196,155,41,20.918367
enspiral/loomio,ruby,568,263,305,53.69718,11,7,4,36.363636
eric/metriks,ruby,408,279,129,31.617647,28,28,0,0.0
ericam/susy,ruby,363,338,25,6.887052,19,15,4,21.052631
erikhuda/thor,ruby,978,738,240,24.539877,288,214,74,25.694445
errbit/errbit,ruby,3866,3335,531,13.735127,606,525,81,13.366337
escapestudios-cookbooks/newrelic,java,485,256,229,47.216496,62,27,35,56.451614
Esri/geometry-api-java,java,252,243,9,3.5714288,96,96,0,0.0
essentials/Essentials,ruby,2148,1842,306,14.24581,301,222,79,26.245848
eval/envied,ruby,316,316,0,0.0,8,8,0,0.0
eventmachine/eventmachine,ruby,1796,877,919,51.169266,270,127,143,52.962963
everzet/capifony,ruby,168,161,7,4.166667,36,36,0,0.0
evolve75/RubyTree,java,2423,1595,828,34.172516,70,55,15,21.428572
excilys/androidannotations,ruby,554,505,49,8.844766,4,4,0,0.0
excon/excon,java,4552,3341,1211,26.60369,326,279,47,14.417177
eXist-db/exist,ruby,1988,1556,432,21.730383,89,66,23,25.842697
expertiza/expertiza,ruby,929,344,585,62.970936,851,382,469,55.111633
express42/zabbixapi,java,337,151,186,55.192875,16,6,10,62.5
exteso/alf.io,java,1544,1451,93,6.023316,45,36,9,20.0
fabiomaffioletti/jsondoc,java,460,456,4,0.8695652,11,10,1,9.090909
facebook/buck,java,697,285,412,59.110474,877,316,561,63.968075
facebook/presto,java,1981,952,1029,51.943462,172,95,77,44.76744
facebook/rebound,java,102,83,19,18.62745,1,1,0,0.0
FasterXML/jackson-annotations,java,295,267,28,9.491526,8,6,2,25.0
FasterXML/jackson-core,java,696,649,47,6.7528734,22,22,0,0.0
FasterXML/jackson-databind,ruby,2538,1796,742,29.235619,53,36,17,32.07547
fastestforward/heroku_san,ruby,307,201,106,34.527687,24,18,6,25.0
fastlane/spaceship,ruby,1694,1219,475,28.04014,69,42,27,39.130436
fatfreecrm/fat_free_crm,ruby,4716,2511,2205,46.755726,562,191,371,66.01424
faye/faye-websocket-ruby,ruby,1825,1056,769,42.136986,40,29,11,27.5
fazibear/colorize,ruby,601,559,42,6.988353,14,14,0,0.0
feedbin/feedbin,ruby,1135,764,371,32.687225,13,11,2,15.384616
felipecsl/wombat,java,323,293,30,9.287926,26,22,4,15.384616
FenixEdu/fenixedu-academic,java,2439,2373,66,2.706027,400,380,20,5.0
fernandezpablo85/scribe-java,ruby,97,93,4,4.123711,14,13,1,7.1428576
fgrehm/vagrant-lxc,ruby,758,708,50,6.596306,60,56,4,6.666667
fgrehm/ventriloquist,java,135,129,6,4.4444447,4,4,0,0.0
Findwise/Hydra,ruby,425,366,59,13.882353,5,5,0,0.0
flavorjones/loofah,ruby,352,252,100,28.40909,43,28,15,34.88372
floere/phony,ruby,3104,2740,364,11.726804,216,183,33,15.277778
flood-io/ruby-jmeter,java,173,113,60,34.68208,12,10,2,16.666668
flori/json,ruby,1890,1108,782,41.37566,299,204,95,31.772575
fluent/fluent-logger-ruby,ruby,438,295,143,32.648403,119,76,43,36.134453
fluent/fluent-plugin-s3,ruby,913,734,179,19.605696,51,39,12,23.529411
fluent/fluentd,ruby,11772,10585,1187,10.083248,768,673,95,12.369791
flyerhzm/bullet,ruby,5694,3995,1699,29.838428,422,163,259,61.37441
fnando/browser,ruby,1606,1448,158,9.838107,212,182,30,14.150943
fog/fog,ruby,19174,11609,7565,39.454468,2478,1586,892,35.996773
FontCustom/fontcustom,java,468,350,118,25.213676,6,3,3,50.0
foursquare/fongo,java,361,330,31,8.587257,10,8,2,20.0
foursquare/twofishes,ruby,638,233,405,63.479626,21,3,18,85.71429
fphilipe/premailer-rails,ruby,1610,941,669,41.552795,167,76,91,54.49102
frab/frab,ruby,210,191,19,9.047619,28,28,0,0.0
franckverrot/activevalidators,ruby,555,389,166,29.909908,100,37,63,63.0
fredjean/middleman-s3_sync,ruby,581,528,53,9.122203,66,62,4,6.060606
freerange/mocha,java,6149,4954,1195,19.434053,514,423,91,17.704279
Frege/frege,ruby,871,713,158,18.140068,246,227,19,7.7235775
Fullscreen/bh,ruby,402,382,20,4.9751244,12,12,0,0.0
Fullscreen/yt,java,449,312,137,30.512249,34,25,9,26.470589
futuresimple/android-db-commons,java,146,140,6,4.109589,7,6,1,14.285715
gabrielemariotti/cardslib,ruby,112,92,20,17.857143,3,3,0,0.0
gamache/hyperresource,ruby,793,439,354,44.640606,31,15,16,51.6129
garethr/garethr-docker,ruby,6360,5804,556,8.742138,1550,1326,224,14.451612
garybernhardt/selecta,ruby,84,77,7,8.333334,11,11,0,0.0
gavinlaking/vedeu,ruby,1710,1564,146,8.538012,5,5,0,0.0
gazay/gon,ruby,1179,887,292,24.766752,258,230,28,10.852714
Gazler/githug,ruby,753,675,78,10.358566,180,167,13,7.2222223
Gazler/rapidash,ruby,454,358,96,21.145374,48,36,12,25.0
gedankenstuecke/snpr,ruby,1836,1253,583,31.75381,5,0,5,100.0
geminabox/geminabox,java,222,147,75,33.783783,38,24,14,36.842106
geoserver/geoserver,java,5701,2660,3041,53.34152,978,468,510,52.14724
getsentry/raven-java,ruby,708,557,151,21.327682,43,26,17,39.534885
gettalong/kramdown,ruby,470,303,167,35.531914,97,65,32,32.98969
ging/social_stream,ruby,7209,5199,2010,27.881813,1863,1336,527,28.287708
GiocoApp/gioco,ruby,2,0,2,100.0,196,147,49,25.0
git/git-scm.com,ruby,406,343,63,15.517241,102,93,9,8.823529
github/developer.github.com,ruby,845,456,389,46.035503,75,54,21,28.0
github/gemoji,ruby,187,152,35,18.716578,8,5,3,37.5
github/github-services,ruby,446,401,45,10.089685,64,58,6,9.375
github/hub,ruby,1414,1132,282,19.943424,95,86,9,9.473684
github/linguist,ruby,791,699,92,11.630847,175,159,16,9.142857
github/pages-gem,ruby,2451,2142,309,12.6071,11,11,0,0.0
gitlabhq/gitlab-ci,ruby,943,598,345,36.585365,181,127,54,29.834255
gitlabhq/gitlab-ci-runner,ruby,90,74,16,17.777779,24,18,6,25.0
gjtorikian/html-proofer,ruby,2063,1498,565,27.3873,388,310,78,20.103092
glebm/i18n-tasks,ruby,3088,2450,638,20.660622,59,38,21,35.59322
glebm/rails_email_preview,ruby,1436,845,591,41.155987,48,22,26,54.166668
glejeune/Ruby-Graphviz,java,488,386,102,20.90164,22,11,11,50.0
GlowstoneMC/Glowstone,ruby,187,178,9,4.8128343,75,73,2,2.6666667
gma/nesta,java,258,150,108,41.860466,35,28,7,20.0
go-lang-plugin-org/go-lang-idea-plugin,ruby,1680,1444,236,14.04762,101,87,14,13.861386
gocardless/hutch,ruby,514,483,31,6.0311284,463,437,26,5.6155505
gocardless/statesman,java,2226,1884,342,15.363881,105,75,30,28.57143
GoClipse/goclipse,ruby,335,303,32,9.552238,1,1,0,0.0
gogotanaka/Rubype,java,395,294,101,25.56962,42,42,0,0.0
goodow/realtime-store,java,30,15,15,50.0,4,4,0,0.0
google/auto,java,454,396,58,12.775331,34,21,13,38.235294
google/bazel,java,12,4,8,66.66667,126,45,81,64.28571
google/closure-compiler,java,384,352,32,8.333334,211,200,11,5.21327
google/error-prone,ruby,317,309,8,2.5236595,81,71,10,12.345679
google/google-api-ruby-client,java,4139,3219,920,22.22759,628,521,107,17.038218
google/guava,java,141,138,3,2.1276596,567,555,12,2.1164021
google/guice,java,1291,1143,148,11.463981,178,165,13,7.3033705
google/physical-web,ruby,546,531,15,2.7472527,53,51,2,3.7735848
google/signet,java,1045,581,464,44.401913,126,76,50,39.68254
google/truth,java,553,461,92,16.636528,175,139,36,20.571428
GoogleCloudPlatform/DataflowJavaSDK,java,1250,1199,51,4.08,611,541,70,11.456628
gradle/gradle,java,3746,3405,341,9.103044,470,376,94,20.0
grails/grails-core,java,2092,1419,673,32.170174,201,166,35,17.412935
graphhopper/graphhopper,java,4192,3832,360,8.587787,88,72,16,18.181818
Graylog2/graylog2-server,ruby,7044,6471,573,8.1345825,1807,1500,307,16.989487
greenrobot/greenDAO,ruby,239,113,126,52.719666,1,1,0,0.0
gregorym/bump,java,665,279,386,58.045113,83,47,36,43.373497
gresrun/jesque,java,326,270,56,17.177914,11,11,0,0.0
griffon/griffon,ruby,9,6,3,33.333336,413,319,94,22.76029
grocer/grocer,ruby,436,253,183,41.972477,28,24,4,14.285715
grosser/fast_gettext,ruby,607,437,170,28.00659,73,66,7,9.589041
grosser/parallel,ruby,569,362,207,36.379616,32,18,14,43.75
grosser/parallel_tests,ruby,1724,892,832,48.25986,153,80,73,47.712418
grosser/wwtd,ruby,422,229,193,45.734596,26,16,10,38.46154
Growstuff/growstuff,java,1542,1360,182,11.802854,89,76,13,14.606741
grpc/grpc-java,ruby,1768,1589,179,10.124434,60,53,7,11.666667
guard/guard,ruby,4841,3115,1726,35.65379,2100,1783,317,15.095239
guard/guard-livereload,ruby,479,434,45,9.394572,226,211,15,6.637168
guard/guard-minitest,ruby,2365,1681,684,28.921778,902,634,268,29.711754
guard/guard-rspec,ruby,1704,1596,108,6.338028,1633,1475,158,9.675444
guard/guard-spork,ruby,498,413,85,17.068274,99,87,12,12.121212
guard/listen,ruby,3659,1861,1798,49.13911,2415,917,1498,62.028988
gwtbootstrap/gwt-bootstrap,java,488,378,110,22.540983,266,188,78,29.323309
gwtbootstrap3/gwtbootstrap3,java,370,356,14,3.7837837,28,24,4,14.285715
h3xstream/find-sec-bugs,ruby,127,108,19,14.96063,6,6,0,0.0
hacketyhack/hackety-hack.com,java,189,95,94,49.73545,25,11,14,56.0
haiwen/seadroid,ruby,686,589,97,14.139941,8,6,2,25.0
hakanensari/vacuum,java,1069,805,264,24.695978,92,54,38,41.304348
hamcrest/JavaHamcrest,ruby,544,465,79,14.522059,48,42,6,12.5
haml/haml,ruby,4091,3186,905,22.12173,1015,766,249,24.53202
hamstergem/hamster,ruby,1569,745,824,52.51753,555,359,196,35.315315
hashrocket/decent_exposure,java,733,593,140,19.09959,255,229,26,10.196078
helun/Ektorp,ruby,282,264,18,6.382979,46,44,2,4.347826
heroku/heroku,ruby,11407,9272,2135,18.716578,978,760,218,22.29039
heroku/heroku-buildpack-ruby,ruby,785,445,340,43.312103,86,41,45,52.325584
heroku/heroku.rb,ruby,760,537,223,29.342106,140,94,46,32.857143
hexorx/countries,ruby,848,751,97,11.438679,152,148,4,2.631579
hiki/hiki,ruby,466,329,137,29.399141,32,22,10,31.25
hipchat/hipchat-rb,ruby,522,477,45,8.620689,180,154,26,14.444445
holman/boom,ruby,197,143,54,27.41117,25,18,7,28.0
Homebrew/homebrew-bundle,ruby,228,224,4,1.754386,383,317,66,17.232376
Homebrew/homebrew-nginx,ruby,667,515,152,22.788605,64,49,15,23.4375
Homebrew/homebrew-science,ruby,185,145,40,21.621622,2818,2053,765,27.146912
honeybadger-io/honeybadger-ruby,java,15338,12113,3225,21.026209,481,430,51,10.602911
hotchemi/Android-Rate,ruby,202,101,101,50.0,9,5,4,44.444447
hotsh/rstat.us,java,637,427,210,32.967033,55,41,14,25.454544
hstaudacher/osgi-jax-rs-connector,ruby,135,121,14,10.37037,9,8,1,11.111112
hsz/idea-gitignore,ruby,561,399,162,28.877005,3,2,1,33.333336
htty/htty,java,1673,1530,143,8.547519,26,26,0,0.0
HubSpot/jinjava,java,610,484,126,20.655737,17,11,6,35.294117
HubSpot/Singularity,ruby,11517,5910,5607,48.68455,93,39,54,58.064514
huerlisi/bookyt,ruby,976,331,645,66.08607,134,34,100,74.62686
hw-cookbooks/graphite,ruby,241,189,52,21.576763,123,81,42,34.146343
hybridgroup/artoo,ruby,115,92,23,20.0,408,376,32,7.8431377
iconara/cql-rb,java,1603,1044,559,34.872116,33,20,13,39.39394
IDPF/epubcheck,java,259,244,15,5.791506,20,19,1,5.0
igniterealtime/Openfire,java,1685,1620,65,3.8575668,113,113,0,0.0
igniterealtime/Smack,ruby,10,6,4,40.0,325,275,50,15.384616
igrigorik/http-2,java,241,158,83,34.439835,16,14,2,12.5
iipc/openwayback,java,243,207,36,14.814815,20,20,0,0.0
iluwatar/java-design-patterns,ruby,877,849,28,3.1927023,172,153,19,11.046512
imathis/octopress,ruby,860,723,137,15.930232,92,74,18,19.565218
inaturalist/inaturalist,ruby,2504,1564,940,37.539936,86,64,22,25.581396
increments/qiita-markdown,ruby,400,359,41,10.25,35,31,4,11.428572
inf0rmer/blanket,ruby,66,64,2,3.030303,6,6,0,0.0
influitive/apartment,ruby,2946,2362,584,19.82349,344,249,95,27.61628
influxdb/influxdb-ruby,ruby,1227,670,557,45.39527,194,115,79,40.72165
infochimps-labs/wukong,ruby,39,1,38,97.4359,289,5,284,98.2699
innoq/iqvoc,ruby,6115,3925,2190,35.813572,98,90,8,8.163265
inossidabile/protector,ruby,903,708,195,21.594685,18,12,6,33.333336
instructure/canvas-lms,ruby,1863,484,1379,74.0204,4374,1188,3186,72.83951
integrallis/stripe_event,ruby,1253,958,295,23.543495,74,51,23,31.081081
integrity/integrity,ruby,612,318,294,48.039215,69,38,31,44.927536
interagent/pliny,ruby,2051,1873,178,8.678694,77,77,0,0.0
interagent/prmd,ruby,444,378,66,14.864865,53,45,8,15.094339
intercom/intercom-ruby,ruby,1194,847,347,29.061975,498,302,196,39.35743
intridea/hashie,ruby,1632,1259,373,22.855392,480,401,79,16.458334
intridea/oauth2,ruby,661,405,256,38.7292,157,60,97,61.78344
intridea/omniauth,ruby,2412,1798,614,25.456053,224,192,32,14.285715
intuit/simple_deploy,ruby,828,685,143,17.27053,486,411,75,15.432098
inukshuk/bibtex-ruby,ruby,1154,796,358,31.022532,44,24,20,45.454548
inviqa/chef-php-extra,ruby,138,108,30,21.73913,46,38,8,17.391304
ioquatix/rubydns,ruby,647,420,227,35.085007,43,15,28,65.11628
isaiah/jubilee,ruby,185,80,105,56.75676,1,0,1,100.0
ivaldi/brimir,ruby,4602,3792,810,17.601044,177,150,27,15.254237
jaimeiniesta/metainspector,java,882,756,126,14.285715,60,54,6,10.0
jakenjarvis/Android-OrmLiteContentProvider,java,170,55,115,67.64706,15,0,15,100.0
JakeWharton/DiskLruCache,java,75,68,7,9.333333,4,3,1,25.0
JakeWharton/timber,java,266,265,1,0.37593985,13,13,0,0.0
JakeWharton/u2020,java,542,508,34,6.2730627,23,22,1,4.347826
jamesagnew/hapi-fhir,ruby,671,364,307,45.75261,13,6,7,53.846157
jarib/childprocess,ruby,1905,1021,884,46.4042,87,46,41,47.126434
jasmine/jasmine-gem,java,2344,1562,782,33.361774,1192,807,385,32.298656
javaee-samples/javaee7-samples,java,1340,0,1340,100.0,278,0,278,100.0
JavaMoney/jsr354-api,java,127,118,9,7.0866146,1,1,0,0.0
javaparser/javaparser,java,201,196,5,2.4875622,15,15,0,0.0
javaslang/javaslang,ruby,1637,1530,107,6.5363464,37,37,0,0.0
jayroh/thredded,java,2126,1426,700,32.925682,728,62,666,91.48351
jayway/JsonPath,java,296,281,15,5.0675673,11,10,1,9.090909
jayway/rest-assured,java,305,296,9,2.9508195,9,9,0,0.0
jbachorik/btrace,java,247,203,44,17.813765,15,15,0,0.0
jberkel/sms-backup-plus,ruby,331,274,57,17.220543,14,12,2,14.285715
jbox-web/redmine_git_hosting,java,10429,6059,4370,41.902386,127,82,45,35.43307
jcabi/jcabi-aspects,java,927,817,110,11.866235,347,282,65,18.731989
jcabi/jcabi-github,java,1778,1044,734,41.28234,582,350,232,39.862545
jcabi/jcabi-http,ruby,683,543,140,20.497803,282,203,79,28.014183
jch/html-pipeline,java,1314,1100,214,16.28615,120,70,50,41.666664
jdamcd/android-crop,ruby,125,62,63,50.4,14,5,9,64.28571
jdantonio/functional-ruby,ruby,1507,1241,266,17.650963,51,51,0,0.0
jdigger/git-process,ruby,2,2,0,0.0,284,243,41,14.436619
jedi4ever/veewee,ruby,1354,1216,138,10.192024,364,337,27,7.4175825
jekyll/jekyll-redirect-from,ruby,663,559,104,15.6862755,139,111,28,20.143885
jekyll/jekyll-sitemap,ruby,511,417,94,18.395304,20,6,14,70.0
jekyll/mercenary,ruby,381,333,48,12.598425,6,6,0,0.0
jenkinsci/jenkins.rb,ruby,267,225,42,15.730338,60,60,0,0.0
jeremyevans/sequel,ruby,112,104,8,7.1428576,5449,4648,801,14.6999445
jeremyw/stamp,ruby,187,153,34,18.181818,20,7,13,65.0
jetrockets/attrio,ruby,378,292,86,22.751322,94,44,50,53.19149
jfelchner/ruby-progressbar,ruby,932,457,475,50.965668,63,58,5,7.936508
jfirebaugh/konacha,java,535,465,70,13.084112,226,201,25,11.061947
JFXtras/jfxtras-labs,java,221,102,119,53.846157,12,2,10,83.33333
jhalterman/modelmapper,ruby,261,242,19,7.279693,10,10,0,0.0
jhnvz/retina_rails,java,2006,1481,525,26.171484,78,63,15,19.23077
jhy/jsoup,ruby,181,177,4,2.2099447,19,19,0,0.0
jimmycuadra/lita,ruby,279,267,12,4.3010755,21,21,0,0.0
jimweirich/rake,ruby,932,812,120,12.875536,117,92,25,21.367521
jimweirich/rspec-given,ruby,441,332,109,24.716553,18,14,4,22.222223
jipiboily/monologue,ruby,2096,1138,958,45.70611,264,108,156,59.090908
jlong/serve,ruby,86,76,10,11.627908,83,47,36,43.373497
jmettraux/rufus-scheduler,java,1661,1106,555,33.41361,27,19,8,29.62963
jmkgreen/morphia,java,250,204,46,18.4,40,40,0,0.0
jMonkeyEngine/jmonkeyengine,java,1062,854,208,19.585688,147,137,10,6.8027215
jmxtrans/jmxtrans,ruby,642,561,81,12.616822,37,31,6,16.216215
jneen/rouge,ruby,845,755,90,10.6508875,1803,1637,166,9.206878
jnicklas/capybara,ruby,7551,3823,3728,49.370945,585,361,224,38.2906
jnicklas/turnip,ruby,1646,1518,128,7.776428,170,142,28,16.470589
jnunemaker/flipper,ruby,2299,1748,551,23.966942,28,16,12,42.857143
jnunemaker/httparty,ruby,684,567,117,17.105263,185,158,27,14.594595
joakimk/minimapper,java,1742,1382,360,20.665901,80,63,17,21.25
JodaOrg/joda-time,java,684,663,21,3.0701754,24,21,3,12.5
joelittlejohn/embedmongo-maven-plugin,java,158,157,1,0.6329114,8,8,0,0.0
joelittlejohn/jsonschema2pojo,ruby,654,645,9,1.3761468,69,48,21,30.434782
joenorton/rubyretriever,ruby,164,123,41,25.0,1,1,0,0.0
joeyates/imap-backup,ruby,332,274,58,17.46988,3,3,0,0.0
johnbellone/consul-cookbook,java,476,323,153,32.142857,110,88,22,20.0
johncarl81/parceler,ruby,1032,970,62,6.007752,8,7,1,12.5
joliss/jquery-ui-rails,java,119,114,5,4.2016807,16,14,2,12.5
jOOQ/jOOQ,ruby,3775,2827,948,25.112585,32,29,3,9.375
jordansissel/fpm,ruby,1491,938,553,37.089203,216,133,83,38.425926
jorgemanrubia/mailgun_rails,java,307,173,134,43.64821,45,35,10,22.222223
joscha/play-authenticate,ruby,629,420,209,33.227345,45,32,13,28.88889
josevalim/rails-footnotes,ruby,1571,1215,356,22.660727,222,132,90,40.54054
JoshCheek/seeing_is_believing,ruby,912,533,379,41.55702,47,36,11,23.404255
joshwlewis/unitwise,java,1228,904,324,26.384365,8,8,0,0.0
journeyapps/zxing-android-embedded,java,169,130,39,23.076923,1,1,0,0.0
jphp-compiler/jphp,java,5436,4225,1211,22.27741,24,0,24,100.0
jpos/jPOS,java,320,303,17,5.3125,7,4,3,42.857143
jprante/elasticsearch-jdbc,ruby,285,239,46,16.14035,4,4,0,0.0
jruby/activerecord-jdbc-adapter,ruby,45754,28523,17231,37.660095,4941,2762,2179,44.100388
jruby/jruby,ruby,249379,86114,163265,65.46862,13379,3972,9407,70.31168
jruby/jruby-rack,ruby,4336,1920,2416,55.719555,546,267,279,51.0989
jruby/warbler,ruby,421,278,143,33.966747,1217,852,365,29.991781
jsmestad/pivotal-tracker,java,171,85,86,50.292397,29,13,16,55.172413
jsonld-java/jsonld-java,java,609,516,93,15.270937,69,57,12,17.391304
jsprit/jsprit,java,1089,988,101,9.274564,4,4,0,0.0
jtwig/jtwig,ruby,351,318,33,9.40171,15,15,0,0.0
JuanitoFatas/fast-ruby,ruby,564,557,7,1.2411348,175,175,0,0.0
judofyr/temple,java,1276,1027,249,19.514107,99,70,29,29.292929
julianhyde/linq4j,java,126,124,2,1.5873017,4,4,0,0.0
julianhyde/optiq,java,1314,1114,200,15.2207,240,228,12,5.0
julman99/gson-fire,ruby,102,89,13,12.745099,3,3,0,0.0
june29/horesase-boys,ruby,289,280,9,3.1141868,55,50,5,9.090909
junegunn/fzf,java,965,847,118,12.22798,5,5,0,0.0
junit-team/junit,ruby,573,556,17,2.9668412,120,116,4,3.3333335
justinfrench/formtastic,java,7812,6057,1755,22.465437,491,355,136,27.698574
jwtk/jjwt,ruby,530,484,46,8.679245,45,42,3,6.666667
kaizenplatform/fluent-plugin-bigquery,ruby,451,439,12,2.660754,29,23,6,20.689655
Kapeli/cheatsheets,ruby,840,824,16,1.904762,120,112,8,6.666667
karmi/retire,ruby,1097,356,741,67.54786,452,149,303,67.0354
KatanaCode/blogit,ruby,2047,112,1935,94.52858,61,1,60,98.36066
keen/pingpong,ruby,93,42,51,54.83871,35,31,4,11.428572
keenlabs/keen-gem,ruby,1652,1187,465,28.147701,226,132,94,41.59292
kei-s/github-preview,java,120,100,20,16.666668,5,5,0,0.0
kelemen/netbeans-gradle-project,ruby,386,339,47,12.176166,9,8,1,11.111112
kenichi/angelo,ruby,810,690,120,14.814815,20,19,1,5.0
kernow/shortcode,java,2257,2084,173,7.665042,39,39,0,0.0
kevinsawicki/http-request,ruby,81,81,0,0.0,13,13,0,0.0
kickstarter/rack-attack,java,2988,2457,531,17.771084,541,485,56,10.351201
killbill/killbill,ruby,14167,5072,9095,64.19849,3868,2011,1857,48.009308
kishikawakatsumi/xcjobs,ruby,386,356,30,7.772021,14,14,0,0.0
kmuto/review,java,4488,3964,524,11.675579,82,66,16,19.512194
knightliao/disconf,java,567,482,85,14.991182,1,1,0,0.0
kongchen/swagger-maven-plugin,ruby,520,417,103,19.807692,33,17,16,48.484848
kostya/eye,ruby,2068,522,1546,74.75822,22,11,11,50.0
kostyantyn/hydra_attribute,ruby,868,723,145,16.705069,22,12,10,45.454548
kovyrin/db-charmer,ruby,1364,715,649,47.580643,61,51,10,16.393442
kpumuk/meta-tags,ruby,1148,798,350,30.487806,184,103,81,44.02174
KrauseFx/deliver,ruby,965,754,211,21.865284,20,14,6,30.000002
KrauseFx/fastlane,ruby,1855,1400,455,24.528303,77,65,12,15.584415
krisleech/wisper,java,1251,1111,140,11.191047,85,70,15,17.647058
KronicDeth/intellij-elixir,java,1377,1174,203,14.742192,18,13,5,27.777779
ksoichiro/Android-ObservableScrollView,java,248,229,19,7.6612906,7,5,2,28.57143
ktoso/maven-git-commit-id-plugin,java,343,286,57,16.618076,14,11,3,21.428572
kytrinyx/approvals,ruby,514,453,61,11.867704,33,33,0,0.0
kytrinyx/etsy,java,738,432,306,41.463413,56,21,35,62.5
l0rdn1kk0n/wicket-bootstrap,java,1135,547,588,51.80617,32,18,14,43.75
la-team/light-admin,ruby,240,151,89,37.083332,2,2,0,0.0
lanej/cistern,ruby,614,448,166,27.03583,5,5,0,0.0
langalex/couch_potato,java,1383,716,667,48.22849,79,36,43,54.430378
languagetool-org/languagetool,ruby,691,609,82,11.866859,1220,1106,114,9.344263
laradji/zabbix,ruby,428,136,292,68.2243,24,16,8,33.333336
lardawge/carrierwave_backgrounder,java,418,319,99,23.684212,69,63,6,8.695652
larsga/Duke,ruby,218,156,62,28.440369,15,8,7,46.666668
laserlemon/figaro,ruby,1645,1312,333,20.24316,165,153,12,7.272727
lassebunk/gretel,java,586,393,193,32.935154,40,29,11,27.5
laurentpetit/ccw,java,729,342,387,53.08642,16,10,6,37.5
layervault/psd.rb,ruby,1301,993,308,23.674097,39,26,13,33.333336
le0pard/mongodb_logger,ruby,2747,2070,677,24.645067,91,63,28,30.769232
ledermann/unread,ruby,6021,5042,979,16.259758,411,363,48,11.678832
leejarvis/slop,ruby,908,666,242,26.651981,304,235,69,22.697369
leereilly/swot,java,1740,1284,456,26.206896,298,270,28,9.395973
lemire/RoaringBitmap,ruby,936,816,120,12.820514,30,30,0,0.0
lemurheavy/coveralls-ruby,java,678,554,124,18.289085,851,615,236,27.73208
lenskit/lenskit,java,2062,1663,399,19.350145,29,22,7,24.13793
levkhomich/akka-tracing,ruby,1440,858,582,40.416668,8,8,0,0.0
lian/bitcoin-ruby,ruby,125,82,43,34.4,206,159,47,22.815535
librato/librato-metrics,ruby,2079,1545,534,25.685427,587,567,20,3.407155
librato/librato-rails,java,2532,2122,410,16.192732,91,88,3,3.2967036
linkedin/datafu,ruby,286,247,39,13.636364,1,1,0,0.0
livingsocial/rake-pipeline,ruby,387,90,297,76.74419,172,12,160,93.02326
Locale/localeapp,ruby,4069,2634,1435,35.26665,288,232,56,19.444445
locomote/gusteau,ruby,360,244,116,32.22222,86,62,24,27.906979
locomotivecms/engine,ruby,1086,559,527,48.526703,214,112,102,47.66355
lodge/lodge,java,2304,1748,556,24.131945,74,51,23,31.081081
lookfirst/sardine,ruby,82,70,12,14.634146,4,3,1,25.0
loomio/loomio,java,3015,2200,815,27.031507,42,30,12,28.57143
loopj/android-async-http,ruby,371,319,52,14.016172,23,16,7,30.434782
lostisland/faraday,ruby,4220,2674,1546,36.63507,836,496,340,40.669857
lostisland/faraday_middleware,ruby,717,622,95,13.249651,216,185,31,14.351852
lostisland/sawyer,ruby,121,110,11,9.090909,13,13,0,0.0
lotus/controller,ruby,1707,1638,69,4.042179,382,357,25,6.5445027
lotus/lotus,ruby,3334,2727,607,18.20636,956,762,194,20.292887
lotus/router,ruby,987,951,36,3.6474164,138,124,14,10.144927
lotus/utils,ruby,2367,2185,182,7.689058,263,232,31,11.787072
lotus/view,ruby,882,815,67,7.596372,237,209,28,11.814346
louismullie/treat,ruby,517,231,286,55.31915,23,10,13,56.521736
lsegal/yard,ruby,2348,1873,475,20.229984,209,171,38,18.181818
LTe/grape-rabl,ruby,374,271,103,27.540106,19,15,4,21.052631
luikore/nyara,ruby,369,270,99,26.82927,4,4,0,0.0
lukaszkorecki/CoffeeTags,java,334,278,56,16.766468,16,13,3,18.75
lviggiano/owner,ruby,2770,2480,290,10.469314,31,27,4,12.903225
lwe/simple_enum,ruby,1077,856,221,20.519962,59,53,6,10.169491
lynndylanhurley/devise_token_auth,java,2539,2210,329,12.957857,276,264,12,4.347826
Mach5/supersonic,ruby,126,45,81,64.28571,27,26,1,3.7037036
MagLev/maglev,ruby,2091,1215,876,41.89383,39,23,16,41.025642
magnusvk/counter_culture,ruby,318,295,23,7.2327046,34,28,6,17.647058
mailboxer/mailboxer,ruby,1114,812,302,27.109516,508,365,143,28.149609
makrio/makrio,ruby,646,0,646,100.0,1175,0,1175,100.0
mame/quine-relay,ruby,99,74,25,25.252523,3,0,3,100.0
ManageIQ/manageiq,ruby,1485,1155,330,22.222223,1748,1436,312,17.84897
manshar/manshar,ruby,1542,1213,329,21.335926,115,31,84,73.04348
maoueh/nugrant,ruby,416,335,81,19.471153,3,3,0,0.0
marcandre/backports,ruby,682,406,276,40.469208,39,28,11,28.20513
markbates/configatron,ruby,405,337,68,16.790123,44,44,0,0.0
markevans/dragonfly,ruby,605,324,281,46.44628,82,36,46,56.09756
MarkUsProject/Markus,java,973,434,539,55.39568,295,116,179,60.677963
Mashape/unirest-java,ruby,666,548,118,17.717718,88,55,33,37.5
matschaffer/knife-solo,ruby,1633,1366,267,16.350275,161,155,6,3.7267082
mattbrictson/airbrussh,ruby,2072,1805,267,12.886101,15,15,0,0.0
mattheworiordan/capybara-screenshot,ruby,3778,1076,2702,71.51932,680,134,546,80.29412
matthuhiggins/foreigner,ruby,247,203,44,17.813765,72,66,6,8.333334
mattray/spiceweasel,java,393,226,167,42.493637,33,20,13,39.39394
maxcom/lorsource,ruby,3446,3190,256,7.428903,101,97,4,3.960396
maxdemarzi/neography,ruby,479,340,139,29.01879,31,20,11,35.48387
MaximeD/gem_updater,ruby,403,378,25,6.203474,9,9,0,0.0
mbj/anima,ruby,746,293,453,60.723858,37,13,24,64.86486
mbj/mutant,ruby,5520,2336,3184,57.68116,680,444,236,34.705883
mbj/unparser,ruby,1709,1106,603,35.28379,85,46,39,45.882355
mbleigh/acts-as-taggable-on,java,8607,6966,1641,19.065876,1299,927,372,28.637413
mbosecke/pebble,ruby,187,171,16,8.5561495,9,5,4,44.444447
mbulat/plutus,ruby,660,539,121,18.333334,74,56,18,24.324326
mceachen/closure_tree,java,10505,6077,4428,42.151356,1197,687,510,42.606518
mcMMO-Dev/mcMMO,ruby,412,384,28,6.7961164,61,54,7,11.4754095
mdxp/nodejs-cookbook,java,63,47,16,25.396828,12,10,2,16.666668
mendhak/gpslogger,ruby,626,517,109,17.412142,7,5,2,28.57143
merit-gem/merit,ruby,2366,1975,391,16.525784,46,31,15,32.608696
metaskills/less-rails,ruby,829,514,315,37.99759,91,76,15,16.483517
metaskills/less-rails-bootstrap,java,788,619,169,21.446701,37,25,12,32.43243
mfornos/humanize,java,199,184,15,7.5376883,1,1,0,0.0
mgodave/barge,ruby,427,193,234,54.80094,2,2,0,0.0
mgomes/api_auth,ruby,1026,977,49,4.7758284,171,141,30,17.54386
mhfs/devise-async,ruby,216,118,98,45.37037,21,9,12,57.14286
michelson/lazy_high_charts,ruby,197,168,29,14.720813,35,32,3,8.571429
middleman/middleman,ruby,9322,6327,2995,32.1283,559,356,203,36.31485
middleman/middleman-autoprefixer,ruby,331,303,28,8.459215,7,5,2,28.57143
middleman/middleman-guides,java,428,381,47,10.981309,41,38,3,7.317073
mikaelhg/urlbuilder,ruby,405,331,74,18.271606,16,13,3,18.75
mikel/mail,java,12221,7390,4831,39.530315,2375,1749,626,26.357895
mikera/vectorz,ruby,3409,3224,185,5.426811,61,58,3,4.9180326
miketheman/nginx,ruby,555,296,259,46.666668,305,94,211,69.18033
mileszs/wicked_pdf,ruby,3663,2252,1411,38.52034,779,406,373,47.8819
mina-deploy/mina,ruby,2760,604,2156,78.11594,1082,262,820,75.78558
minimagick/minimagick,ruby,2352,1596,756,32.142857,162,117,45,27.777779
MiniProfiler/rack-mini-profiler,java,637,555,82,12.872842,138,121,17,12.318841
MirakelX/mirakel-android,ruby,50,0,50,100.0,58,0,58,100.0
mirego/gaffe,ruby,380,343,37,9.736842,24,24,0,0.0
mislav/will_paginate,ruby,811,554,257,31.689272,262,211,51,19.465649
mitchellh/vagrant,ruby,3994,3589,405,10.14021,414,391,23,5.555556
mivok/markdownlint,ruby,703,665,38,5.4054055,30,25,5,16.666668
mixi-inc/RubyTraining,ruby,247,227,20,8.097166,23,23,0,0.0
mixpanel/mixpanel-ruby,ruby,441,408,33,7.4829926,34,34,0,0.0
mkdynamic/omniauth-facebook,ruby,859,671,188,21.885914,80,61,19,23.75
mmozuras/pronto,java,1023,921,102,9.9706745,43,35,8,18.60465
mockito/mockito,ruby,506,417,89,17.588932,250,206,44,17.6
mojombo/god,java,278,186,92,33.093525,76,38,38,50.0
mongodb/morphia,ruby,877,739,138,15.735462,28,24,4,14.285715
mongoid-rspec/mongoid-rspec,ruby,545,308,237,43.486237,434,86,348,80.18433
mongoid/moped,ruby,4097,971,3126,76.299736,886,307,579,65.34989
mongoid/origin,ruby,1981,1651,330,16.658255,262,180,82,31.29771
mongomapper/mongomapper,ruby,1780,977,803,45.11236,666,115,551,82.732735
morgoth/picasa,java,499,322,177,35.470943,69,51,18,26.086956
mozilla/MozStumbler,java,1753,1647,106,6.046777,120,116,4,3.3333335
mpatric/mp3agic,ruby,47,44,3,6.382979,40,35,5,12.5
mperham/dalli,ruby,1916,922,994,51.878918,405,134,271,66.91358
mperham/girl_friday,ruby,59,27,32,54.23729,138,36,102,73.91304
mperham/sidekiq,ruby,8591,6637,1954,22.744734,1253,981,272,21.707901
mroth/lolcommits,java,3112,2539,573,18.412596,183,138,45,24.590164
MrTJP/ProjectRed,ruby,909,633,276,30.363035,39,27,12,30.769232
ms-ati/docile,java,1434,1042,392,27.336124,168,133,35,20.833332
msgpack/msgpack-java,ruby,1390,1156,234,16.834532,113,105,8,7.079646
muffinista/chatterbot,ruby,571,415,156,27.32049,23,16,7,30.434782
mustache/mustache,java,339,120,219,64.60177,63,30,33,52.380955
mybatis/mybatis-3,java,2401,2228,173,7.2053313,109,86,23,21.100918
mybatis/spring,java,542,479,63,11.623616,56,49,7,12.5
mycila/license-maven-plugin,ruby,302,232,70,23.178808,40,38,2,5.0
myronmarston/vcr,java,24,0,24,100.0,2422,1328,1094,45.16928
myui/hivemall,ruby,1003,792,211,21.036888,68,52,16,23.529411
nahi/httpclient,ruby,2979,1036,1943,65.22323,313,79,234,74.76038
nanoc/nanoc,ruby,5535,3825,1710,30.89431,183,145,38,20.765028
NARKOZ/ginatra,ruby,224,169,55,24.553572,2,2,0,0.0
NARKOZ/gitlab,ruby,853,785,68,7.971864,69,69,0,0.0
nateware/redis-objects,ruby,253,220,33,13.043478,62,60,2,3.2258062
nathanl/authority,ruby,1314,894,420,31.96347,3033,1985,1048,34.55325
nathanl/searchlight,ruby,390,237,153,39.23077,19,19,0,0.0
natritmeyer/site_prism,java,307,259,48,15.635179,64,54,10,15.625
naver/pinpoint,java,2504,2099,405,16.174122,30,30,0,0.0
naver/yobi,ruby,646,576,70,10.835914,223,213,10,4.484305
nbudin/devise_cas_authenticatable,ruby,2249,783,1466,65.184525,198,56,142,71.71717
ndbroadbent/turbo-sprockets-rails3,ruby,389,286,103,26.478151,42,31,11,26.190477
neo4jrb/neo4j,ruby,18125,11177,6948,38.333794,477,340,137,28.721174
neo4jrb/neo4j-core,ruby,7741,4296,3445,44.503296,287,155,132,45.99303
nesquena/backburner,ruby,590,140,450,76.27119,61,61,0,0.0
nesquena/rabl,java,1631,1056,575,35.254444,189,149,40,21.16402
Netflix/denominator,java,95,81,14,14.736841,7,5,2,28.57143
Netflix/Hystrix,ruby,698,365,333,47.707737,31,19,12,38.709675
NetSweet/netsuite,java,83,67,16,19.277107,34,24,10,29.411766
neuland/jade4j,ruby,152,145,7,4.605263,970,677,293,30.206186
nevans/resque-pool,ruby,209,73,136,65.07177,39,14,25,64.10257
newrelic/rpm,ruby,4453,2613,1840,41.320457,890,346,544,61.123596
NicosKaralis/pushmeup,ruby,252,131,121,48.015873,28,21,7,25.0
njonsson/cape,java,1418,1247,171,12.059238,54,54,0,0.0
nkzawa/socket.io-client.java,ruby,238,200,38,15.966387,6,6,0,0.0
NoamB/sorcery,java,4263,3100,1163,27.281258,962,495,467,48.5447
Nodeclipse/nodeclipse-1,java,95,76,19,20.0,178,160,18,10.112359
nohana/Laevatein,ruby,103,74,29,28.155338,30,30,0,0.0
Nordstrom/chef-vault,ruby,317,251,66,20.82019,17,16,1,5.882353
norman/friendly_id,ruby,3899,2393,1506,38.62529,1094,560,534,48.811703
northworld/google_calendar,java,379,335,44,11.609498,42,32,10,23.809525
notnoop/java-apns,ruby,291,160,131,45.01718,21,20,1,4.7619047
nov/fb_graph,ruby,80,58,22,27.5,949,769,180,18.967333
nov/json-jwt,ruby,887,629,258,29.086811,11,8,3,27.272728
nov/openid_connect,java,42,28,14,33.333336,464,296,168,36.206894
numenta/htm.java,java,572,528,44,7.692308,17,14,3,17.647058
nurkiewicz/spring-data-jdbc-repository,java,211,128,83,39.336494,8,6,2,25.0
nutzam/nutz,ruby,4536,2466,2070,45.63492,122,82,40,32.786884
nviennot/nobrainer,java,462,422,40,8.658009,31,30,1,3.2258062
oblac/jodd,java,831,773,58,6.9795427,24,21,3,12.5
ocpsoft/rewrite,ruby,1304,699,605,46.395702,43,16,27,62.7907
octopress/ink,ruby,682,569,113,16.568916,6,6,0,0.0
octopress/octopress,java,515,389,126,24.46602,8,6,2,25.0
OfficeDev/ews-java-api,ruby,454,451,3,0.66079295,73,73,0,0.0
olbrich/ruby-units,java,463,372,91,19.654427,68,47,21,30.882353
OneBusAway/onebusaway-android,ruby,348,314,34,9.770115,554,429,125,22.563177
ongaeshi/milkode,ruby,402,334,68,16.915422,12,8,4,33.333336
opal/opal,ruby,16920,15312,1608,9.503547,1445,1290,155,10.726644
opal/opal-jquery,ruby,551,468,83,15.063521,45,22,23,51.111115
openaustralia/morph,ruby,1584,1487,97,6.1237373,11,10,1,9.090909
openfoodfoundation/openfoodnetwork,java,3729,2287,1442,38.669884,712,282,430,60.393257
OpenGrok/OpenGrok,ruby,334,324,10,2.9940119,28,27,1,3.5714288
openid/ruby-openid,java,428,246,182,42.523365,61,32,29,47.540985
openMF/mifosx,java,2802,2614,188,6.709493,148,134,14,9.459459
openpnp/openpnp,java,1119,1006,113,10.098303,26,23,3,11.538462
OpenRefine/OpenRefine,ruby,456,429,27,5.921053,62,58,4,6.4516125
openshift/rhc,java,3468,3018,450,12.97578,346,298,48,13.872832
OpenSOC/opensoc-streaming,ruby,132,87,45,34.090908,20,11,9,45.0
openstreetmap/openstreetmap-website,ruby,246,218,28,11.382114,118,114,4,3.3898306
openSUSE/open-build-service,java,14570,10016,4554,31.256004,577,414,163,28.249567
OpenTSDB/opentsdb,ruby,698,600,98,14.040114,180,146,34,18.88889
opf/openproject,java,54299,34377,19922,36.68944,160,144,16,10.0
orbeon/orbeon-forms,ruby,11,2,9,81.818184,3397,1731,1666,49.043274
orientation/orientation,java,723,501,222,30.705395,45,22,23,51.111115
OryxProject/oryx,java,1958,1645,313,15.985699,9,9,0,0.0
owlcs/owlapi,java,3191,2706,485,15.198997,101,58,43,42.574257
owlike/genson,java,150,146,4,2.6666667,1,1,0,0.0
owncloud/android,java,3658,3012,646,17.659924,794,722,72,9.06801
oyachai/HearthSim,java,258,240,18,6.9767447,6,6,0,0.0
p6spy/p6spy,ruby,1989,1293,696,34.99246,6,6,0,0.0
padrino/padrino-framework,ruby,12440,9104,3336,26.81672,1155,803,352,30.476192
pagseguro/ruby,javascript,1512,1289,223,14.748677,77,65,12,15.584415
palantir/eclipse-typescript,ruby,172,165,7,4.0697675,9,7,2,22.222223
Parallels/vagrant-parallels,java,351,313,38,10.826211,12,11,1,8.333334
passy/Android-DirectoryChooser,ruby,152,117,35,23.026316,8,4,4,50.0
pat/thinking-sphinx,ruby,930,0,930,100.0,9157,206,8951,97.75035
patriciomacadden/hobbit,ruby,498,419,79,15.863455,7,7,0,0.0
paulasmuth/fnordmetric,ruby,386,150,236,61.139893,28,16,12,42.857143
paulasmuth/recommendify,ruby,78,71,7,8.9743595,10,8,2,20.0
pawurb/termit,ruby,4,4,0,0.0,522,465,57,10.91954
pboling/sanitize_email,ruby,1663,1111,552,33.193024,19,19,0,0.0
pbyrne/cron-checker,ruby,78,71,7,8.9743595,2,2,0,0.0
pdfkit/pdfkit,ruby,507,367,140,27.613413,56,40,16,28.57143
pearkes/tugboat,ruby,1457,1318,139,9.540151,86,74,12,13.953489
peczenyj/MooseX,java,4,4,0,0.0,257,238,19,7.392996
pedrovgs/Algorithms,java,117,109,8,6.8376074,1,1,0,0.0
pedrovgs/Renderers,ruby,228,167,61,26.754385,2,1,1,50.0
peek/peek,ruby,123,111,12,9.756097,14,12,2,14.285715
pengwynn/faraday_middleware,java,31,8,23,74.19355,411,286,125,30.413624
perfectsense/brightspot-cms,java,3002,2699,303,10.093271,109,90,19,17.431192
perwendel/spark,ruby,332,298,34,10.240964,98,93,5,5.102041
peter-murach/finite_machine,ruby,2046,1740,306,14.956013,45,45,0,0.0
peter-murach/github,ruby,3550,2056,1494,42.084507,332,249,83,25.0
peter-murach/github_cli,ruby,1491,482,1009,67.67271,16,0,16,100.0
philostler/rspec-sidekiq,ruby,1081,657,424,39.222942,121,71,50,41.322315
phlipper/chef-monit,ruby,398,346,52,13.065327,115,78,37,32.173912
phlipper/chef-percona,ruby,1797,1534,263,14.635504,191,173,18,9.424084
phlipper/chef-postgresql,ruby,636,456,180,28.301886,60,36,24,40.0
phoet/asin,ruby,355,222,133,37.46479,16,7,9,56.25
phoet/on_ruby,ruby,440,367,73,16.59091,40,32,8,20.0
phstc/putsreq,ruby,194,176,18,9.27835,5,3,2,40.0
phstc/shoryuken,ruby,598,496,102,17.056856,100,85,15,15.000001
pivotal-sprout/sprout-osx-apps,ruby,248,212,36,14.516129,44,36,8,18.181818
pivotal/LicenseFinder,ruby,4163,2799,1364,32.764835,262,125,137,52.290077
pivotal/pivotal_workstation,ruby,430,288,142,33.023254,29,18,11,37.931034
plashchynski/crono,ruby,620,473,147,23.709677,21,21,0,0.0
plataformatec/devise,ruby,17910,14675,3235,18.062534,3284,2364,920,28.014616
plataformatec/responders,ruby,608,476,132,21.710527,63,59,4,6.349207
plataformatec/simple_form,ruby,7964,5805,2159,27.109491,798,535,263,32.957394
play/play,ruby,487,333,154,31.622177,23,14,9,39.130436
plexus/yaks,ruby,5971,4324,1647,27.583319,1505,1093,412,27.375416
podio/podio-rb,ruby,1506,1144,362,24.037186,1867,1531,336,17.996786
poise/poise,ruby,4719,4044,675,14.303878,5,0,5,100.0
pophealth/popHealth,ruby,796,759,37,4.648241,21,14,7,33.333336
postrank-labs/goliath,ruby,283,170,113,39.92933,53,18,35,66.037735
prawnpdf/prawn,ruby,4097,3538,559,13.644131,523,387,136,26.003822
premailer/premailer,ruby,719,239,480,66.75939,181,63,118,65.193375
presidentbeef/brakeman,ruby,4121,3781,340,8.250425,213,193,20,9.389671
privly/privly-web,ruby,97,79,18,18.5567,2,1,1,50.0
progit/progit,ruby,835,766,69,8.2634735,189,178,11,5.820106
projectblacklight/blacklight,ruby,12399,10188,2211,17.832083,199,162,37,18.592964
projecthydra/sufia,ruby,6327,5536,791,12.501976,117,107,10,8.5470085
promiscuous-io/promiscuous,ruby,1450,724,726,50.068962,2847,494,2353,82.6484
propublica/daybreak,ruby,2269,1221,1048,46.187748,7,7,0,0.0
protobuf-ruby/beefcake,java,927,740,187,20.1726,12,12,0,0.0
protostuff/protostuff,java,154,148,6,3.8961039,89,86,3,3.3707864
Prototik/HoloEverywhere,ruby,293,195,98,33.447098,9,6,3,33.333336
pry/pry,java,11979,8655,3324,27.748562,1247,961,286,22.935045
psi-probe/psi-probe,ruby,931,907,24,2.5778732,6,6,0,0.0
psu-stewardship/scholarsphere,ruby,3090,2188,902,29.190939,138,99,39,28.260868
psyho/bogus,java,663,533,130,19.607843,25,21,4,16.0
pulse00/Symfony-2-Eclipse-Plugin,java,192,99,93,48.4375,34,29,5,14.705883
pulse00/Twig-Eclipse-Plugin,ruby,83,53,30,36.144577,40,32,8,20.0
puma/puma,java,6105,2611,3494,57.231777,1174,519,655,55.792164
puniverse/capsule,java,940,874,66,7.0212765,4,4,0,0.0
puniverse/quasar,ruby,2339,1838,501,21.41941,35,31,4,11.428572
puppetlabs/facter,ruby,5877,5648,229,3.896546,242,230,12,4.958678
puppetlabs/hiera,ruby,838,788,50,5.966587,237,237,0,0.0
puppetlabs/marionette-collective,ruby,1489,1413,76,5.1040964,155,143,12,7.7419357
puppetlabs/puppet,ruby,13384,12413,971,7.2549314,1264,1225,39,3.085443
puppetlabs/puppetlabs-firewall,ruby,2870,2432,438,15.261324,698,574,124,17.765043
puppetlabs/puppetlabs-mongodb,ruby,601,507,94,15.640598,206,174,32,15.53398
puppetlabs/puppetlabs-rabbitmq,ruby,1523,1209,314,20.617203,558,457,101,18.100359
puppetlabs/puppetlabs-stdlib,java,1597,1260,337,21.102066,518,430,88,16.988417
pushtorefresh/storio,java,415,387,28,6.746988,6,6,0,0.0
qiniu/java-sdk,java,425,288,137,32.235294,22,22,0,0.0
qos-ch/logback,java,213,145,68,31.924883,16,14,2,12.5
qos-ch/slf4j,java,174,153,21,12.068965,10,10,0,0.0
querydsl/querydsl,ruby,5596,4277,1319,23.570408,78,61,17,21.794872
QueueClassic/queue_classic,ruby,635,181,454,71.49606,130,4,126,96.92308
rabbit-shocker/rabbit,java,1590,1368,222,13.962264,59,55,4,6.779661
rackerlabs/blueflood,ruby,2977,2405,572,19.213974,200,192,8,4.0
radar/by_star,ruby,3367,2517,850,25.245026,251,196,55,21.912352
radar/forem,ruby,3786,955,2831,74.77549,690,196,494,71.5942
radar/paranoia,ruby,1162,891,271,23.32186,330,240,90,27.272728
radiant/radiant,ruby,1700,368,1332,78.35294,220,107,113,51.363636
rails-api/active_model_serializers,ruby,21293,18851,2442,11.468558,3764,3308,456,12.114772
rails-api/rails-api,ruby,534,357,177,33.14607,918,277,641,69.82571
rails-assets/rails-assets,ruby,419,310,109,26.014318,12,5,7,58.333332
rails/activejob,ruby,344,288,56,16.27907,60,47,13,21.666666
rails/activeresource,ruby,1222,646,576,47.13584,200,133,67,33.5
rails/globalid,ruby,504,427,77,15.277778,253,215,38,15.019762
rails/jbuilder,ruby,7421,6632,789,10.63199,815,763,52,6.380368
rails/protected_attributes,ruby,1479,1078,401,27.112913,187,130,57,30.481285
rails/rails,ruby,429986,286118,143868,33.458763,38922,25560,13362,34.330196
rails/spring,ruby,2812,1977,835,29.694166,259,186,73,28.18533
rails/sprockets-rails,ruby,8347,4918,3429,41.080627,387,229,158,40.826874
rails/strong_parameters,ruby,800,201,599,74.875,217,75,142,65.43779
RailsApps/rails_apps_composer,ruby,1264,1085,179,14.161393,143,139,4,2.7972028
railsbp/rails_best_practices,ruby,632,570,62,9.810126,92,83,9,9.782609
railsbridge/docs,ruby,621,597,24,3.8647342,158,154,4,2.5316455
railsware/js-routes,java,5530,4741,789,14.267631,351,243,108,30.769232
ralfstx/minimal-json,ruby,92,86,6,6.521739,2,2,0,0.0
randym/axlsx,ruby,4823,3578,1245,25.813808,442,236,206,46.606335
ranjib/etcd-ruby,ruby,143,88,55,38.46154,129,79,50,38.75969
rapid7/metasploit-framework,ruby,19394,17770,1624,8.373724,4333,3886,447,10.316178
rbCAS/CASino,ruby,722,680,42,5.8171744,15,15,0,0.0
rdoc/rdoc,ruby,3454,2267,1187,34.36595,148,99,49,33.10811
ReactiveX/Rx.rb,java,509,247,262,51.473473,164,113,51,31.09756
ReactiveX/RxAndroid,java,207,185,22,10.628019,87,77,10,11.494253
ReactiveX/RxJava,java,1294,1183,111,8.5780525,304,281,23,7.5657897
ReactiveX/RxNetty,ruby,259,157,102,39.38224,20,12,8,40.0
reactjs/react-rails,ruby,3315,2644,671,20.241327,514,322,192,37.354084
realestate-com-au/pact,ruby,3589,2311,1278,35.608803,98,68,30,30.612246
rebelidealist/stripe-ruby-mock,java,868,768,100,11.520738,217,180,37,17.050692
recruit-tech/redpen,ruby,918,884,34,3.7037036,60,58,2,3.3333335
recurly/recurly-client-ruby,ruby,3353,3073,280,8.350731,324,266,58,17.901234
redguide/nodejs,ruby,276,252,24,8.695652,39,31,8,20.512821
redis/redis-rb,java,6617,4062,2555,38.612663,697,428,269,38.593975
redline-smalltalk/redline-smalltalk,java,236,157,79,33.474575,61,55,6,9.836065
reficio/p2-maven-plugin,ruby,123,102,21,17.073172,3,3,0,0.0
refile/refile,ruby,757,588,169,22.324966,72,45,27,37.5
refinery/refinerycms,ruby,21626,15546,6080,28.114307,4440,3308,1132,25.495497
refinery/refinerycms-blog,ruby,1214,516,698,57.49588,288,110,178,61.805557
rejasupotaro/Rebuild,java,77,52,25,32.467533,201,161,40,19.900497
relayrides/pushy,ruby,2432,2080,352,14.473684,35,35,0,0.0
relevance/diametric,ruby,338,226,112,33.136093,22,16,6,27.272728
remiprev/her,ruby,1886,1695,191,10.127254,327,264,63,19.266056
remiprev/teamocil,ruby,192,160,32,16.666668,9,7,2,22.222223
resque/resque,java,2834,2152,682,24.064926,1135,837,298,26.255507
rest-driver/rest-driver,java,148,141,7,4.7297297,21,19,2,9.523809
restlet/restlet-framework-java,ruby,910,458,452,49.67033,225,141,84,37.333332
revily/revily,ruby,214,133,81,37.850468,3,2,1,33.333336
rgeo/activerecord-postgis-adapter,ruby,1359,886,473,34.805004,1807,1162,645,35.694523
rgrove/sanitize,java,450,371,79,17.555555,32,27,5,15.625
rhuss/docker-maven-plugin,ruby,382,371,11,2.8795812,12,12,0,0.0
richpeck/exception_handler,ruby,485,316,169,34.84536,12,12,0,0.0
rightscale/praxis,ruby,493,435,58,11.764706,11,10,1,9.090909
rightscale/right_link,java,243,209,34,13.99177,5,5,0,0.0
roboguice/roboguice,java,146,88,58,39.72603,119,92,27,22.689075
rockerhieu/emojicon,ruby,74,44,30,40.54054,13,10,3,23.076923
rodjek/librarian-puppet,ruby,7221,4788,2433,33.693394,369,224,145,39.295395
rodjek/puppet-lint,ruby,1772,1465,307,17.325058,172,158,14,8.139535
rodjek/rspec-puppet,ruby,4210,3591,619,14.703088,708,541,167,23.58757
roidrage/lograge,ruby,2843,2573,270,9.49701,209,180,29,13.875598
RolifyCommunity/rolify,ruby,806,384,422,52.357323,3081,1480,1601,51.963646
rollbar/rollbar-gem,ruby,43961,34401,9560,21.746548,4052,2871,1181,29.146103
rondevera/twig,ruby,2797,2646,151,5.3986416,28,23,5,17.857143
rpush/rpush,ruby,6224,3534,2690,43.219795,218,112,106,48.623856
rs-pro/mongoid-elasticsearch,java,991,801,190,19.172554,35,35,0,0.0
RS485/LogisticsPipes,ruby,3099,2142,957,30.880928,87,68,19,21.83908
rsl/stringex,ruby,1034,859,175,16.924564,178,142,36,20.224718
rslifka/elasticity,ruby,1308,1165,143,10.932722,16,16,0,0.0
rspec/rspec-collection_matchers,ruby,1060,585,475,44.81132,236,153,83,35.16949
rspec/rspec-core,ruby,28378,23227,5151,18.151384,1333,1034,299,22.430607
rspec/rspec-expectations,ruby,13540,11549,1991,14.704579,1367,997,370,27.06657
rspec/rspec-mocks,ruby,17205,14375,2830,16.448706,1337,1142,195,14.584891
rspec/rspec-rails,ruby,40522,29983,10539,26.008093,3410,2625,785,23.020529
rstacruz/sinatra-assetpack,ruby,1085,965,120,11.059908,229,219,10,4.366812
rtomayko/tilt,ruby,2016,1004,1012,50.19841,262,86,176,67.175575
rubber/rubber,ruby,5442,3102,2340,42.998898,461,159,302,65.50976
rubinius/rubinius,ruby,11068,6623,4445,40.160824,991,662,329,33.198788
ruboto/ruboto,ruby,17054,5926,11128,65.25156,744,221,523,70.2957
ruby-amqp/amqp,ruby,2290,982,1308,57.117905,530,156,374,70.56604
ruby-concurrency/concurrent-ruby,ruby,8184,4840,3344,40.860214,403,289,114,28.28784
ruby-json-schema/json-schema,ruby,1710,1539,171,10.0,113,94,19,16.81416
ruby-ldap/ruby-net-ldap,ruby,2582,1796,786,30.441519,109,63,46,42.201836
ruby-rdf/json-ld,ruby,1045,876,169,16.172249,11,0,11,100.0
ruby-rdf/rdf,ruby,4088,3342,746,18.248533,107,95,12,11.214952
ruby/ruby,ruby,31712,23625,8087,25.501389,2676,1371,1305,48.766815
rubycas/rubycas-client,ruby,906,460,446,49.22737,126,95,31,24.603174
RubyCastsBrasil/RubyCastsBrasil,ruby,99,93,6,6.060606,12,12,0,0.0
rubychan/coderay,ruby,2689,2033,656,24.395687,115,76,39,33.913044
rubygems/rubygems,ruby,16743,13077,3666,21.895718,2007,1565,442,22.022919
RubyMoney/monetize,ruby,286,274,12,4.195804,42,42,0,0.0
RubyMoney/money,ruby,2901,2676,225,7.755946,541,489,52,9.61183
RubyMoney/money-rails,ruby,5800,5263,537,9.25862,624,426,198,31.730768
rubymotion/BubbleWrap,ruby,425,290,135,31.764708,64,59,5,7.8125
rubymotion/sugarcube,ruby,374,177,197,52.673798,21,11,10,47.61905
rubysec/bundler-audit,ruby,350,162,188,53.714287,69,37,32,46.376812
rubyworks/facets,ruby,2161,1812,349,16.149931,118,112,6,5.0847454
rubyzip/rubyzip,ruby,1254,789,465,37.08134,323,250,73,22.60062
ruckus/quickeebooks,ruby,417,271,146,35.011993,142,60,82,57.746475
rudionrails/yell,ruby,1824,1170,654,35.855263,25,9,16,64.0
ruhoh/ruhoh.rb,ruby,120,108,12,10.0,34,32,2,5.882353
rumblelabs/asset_sync,java,1620,958,662,40.864197,671,397,274,40.834576
rundeck/rundeck,ruby,3049,2644,405,13.283044,40,32,8,20.0
ryanb/letter_opener,ruby,342,230,112,32.74854,90,62,28,31.111113
ryanb/nested_form,ruby,1134,702,432,38.095238,239,130,109,45.606693
ryanlecompte/redis_failover,java,819,747,72,8.791209,9,9,0,0.0
ryantenney/metrics-spring,ruby,681,575,106,15.565345,24,22,2,8.333334
sachin-handiekar/jInstagram,java,251,231,20,7.9681277,15,15,0,0.0
salesking/sepa_king,ruby,1231,1150,81,6.580016,108,108,0,0.0
sanemat/tachikoma,java,824,798,26,3.15534,17,17,0,0.0
sanity/quickml,java,1024,702,322,31.445312,5,5,0,0.0
sarxos/webcam-capture,ruby,591,450,141,23.857868,2,2,0,0.0
sass/sass,ruby,11849,9277,2572,21.706474,442,412,30,6.7873306
saturnflyer/casting,ruby,1183,995,188,15.891801,66,66,0,0.0
saturnflyer/surrounded,java,1644,1371,273,16.605839,32,32,0,0.0
satyan/sugar,ruby,61,47,14,22.950819,111,74,37,33.333336
savonrb/gyoku,ruby,2233,1455,778,34.841022,70,42,28,40.0
savonrb/nori,ruby,2733,1267,1466,53.640686,89,64,25,28.089888
savonrb/savon,ruby,4065,2118,1947,47.89668,306,127,179,58.49673
scambra/devise_invitable,ruby,5812,3673,2139,36.803165,828,682,146,17.632849
schacon/ruby-git,ruby,220,200,20,9.090909,969,595,374,38.59649
SchemaPlus/schema_plus,ruby,5255,4185,1070,20.36156,568,449,119,20.950705
schneems/wicked,java,2239,1847,392,17.507816,192,161,31,16.145832
scobal/seyren,ruby,322,290,32,9.937888,16,16,0,0.0
scttnlsn/dandelion,java,311,296,15,4.823151,15,12,3,20.0
sdywcd/jshoper3x,java,3,0,3,100.0,147,0,147,100.0
searchbox-io/Jest,java,507,398,109,21.499014,72,40,32,44.444447
searls/jasmine-maven-plugin,ruby,401,373,28,6.9825435,21,21,0,0.0
seejohnrun/ice_cube,java,553,301,252,45.56962,65,49,16,24.615385
segmentio/analytics-android,java,512,372,140,27.34375,3,3,0,0.0
selendroid/selendroid,ruby,583,450,133,22.813036,30,27,3,10.0
sensu/sensu,ruby,4543,4032,511,11.248074,208,178,30,14.423077
sensu/sensu-community-plugins,ruby,2372,2000,372,15.682968,635,508,127,20.0
sensu/sensu-puppet,ruby,7146,6336,810,11.335012,988,937,51,5.1619434
seratch/gistub,java,139,128,11,7.913669,3,3,0,0.0
serso/android-common,ruby,14,13,1,7.1428576,138,50,88,63.76812
sethvargo/chef-sugar,ruby,522,483,39,7.4712644,43,35,8,18.60465
sethvargo/stove,java,396,295,101,25.50505,30,20,10,33.333336
sevntu-checkstyle/sevntu.checkstyle,ruby,885,825,60,6.779661,196,192,4,2.0408163
sferik/mtgox,ruby,552,484,68,12.318841,25,20,5,20.0
sferik/multi_xml,ruby,862,511,351,40.719257,55,28,27,49.09091
sferik/rails_admin,ruby,16698,9949,6749,40.418015,1991,1152,839,42.13963
sferik/sign-in-with-twitter,ruby,1448,1276,172,11.878453,1,1,0,0.0
sferik/t,ruby,3235,2420,815,25.1932,106,58,48,45.28302
sferik/twitter,ruby,5144,4469,675,13.122084,358,246,112,31.284916
sgruhier/foundation_rails_helper,ruby,366,250,116,31.693989,34,28,6,17.647058
shadabahmed/logstasher,ruby,1521,1276,245,16.107824,159,131,28,17.610064
shageman/the_next_big_thing,ruby,144,97,47,32.63889,27,14,13,48.148148
shawn42/gamebox,ruby,255,217,38,14.901961,7,6,1,14.285715
shoes/shoes4,ruby,8285,7541,744,8.980084,1314,1077,237,18.03653
Shopify/active_shipping,ruby,5349,4203,1146,21.424564,382,228,154,40.314137
Shopify/identity_cache,ruby,4785,3854,931,19.456635,253,240,13,5.13834
Shopify/liquid,ruby,6284,5178,1106,17.600254,300,242,58,19.333332
Shopify/shipit-engine,ruby,2827,2390,437,15.458083,121,91,30,24.793388
Shopify/shopify_api,ruby,4220,3459,761,18.033175,520,454,66,12.692308
Shopify/shopify_app,ruby,502,479,23,4.5816736,133,121,12,9.022556
Shopify/shopify_theme,ruby,342,306,36,10.526316,29,18,11,37.931034
Shopify/statsd-instrument,ruby,1201,1069,132,10.990841,96,86,10,10.416666
Shopify/verdict,java,406,304,102,25.123152,84,78,6,7.1428576
simonc/memfs,java,248,184,64,25.80645,14,5,9,64.28571
simpligility/android-maven-plugin,ruby,278,157,121,43.52518,411,191,220,53.52798
skoji/gepub,ruby,525,431,94,17.904762,16,9,7,43.75
skylightio/skylight-ruby,ruby,5948,4054,1894,31.842636,2083,1488,595,28.56457
slim-template/slim,ruby,37840,9478,28362,74.95243,5048,1896,3152,62.440567
snitko/straight-server,java,117,98,19,16.239317,12,10,2,16.666668
SoftInstigate/restheart,ruby,151,139,12,7.94702,329,318,11,3.343465
solnic/virtus,java,4189,3299,890,21.24612,391,309,82,20.971867
SomMeri/less4j,java,894,752,142,15.883669,4,3,1,25.0
SonarSource/sonarqube,ruby,28972,22322,6650,22.953196,212,154,58,27.35849
sorah/mamiya,ruby,895,838,57,6.3687153,8,4,4,50.0
sosedoff/lxc-ruby,java,400,333,67,16.75,10,10,0,0.0
soundcloud/java-api-wrapper,ruby,105,82,23,21.904762,7,5,2,28.57143
soundcloud/lhm,java,1682,1300,382,22.711058,76,60,16,21.052631
spacecowboy/NoNonsense-FilePicker,java,169,110,59,34.911243,2,0,2,100.0
sparklemotion/mechanize,java,883,725,158,17.893545,853,721,132,15.474794
sparklemotion/nokogiri,ruby,6611,4166,2445,36.983814,578,324,254,43.944637
sparklemotion/sqlite3-ruby,ruby,1138,204,934,82.073814,133,0,133,100.0
spilliton/randumb,java,593,298,295,49.74705,60,33,27,45.0
spockframework/spock,java,1013,880,133,13.129319,101,87,14,13.861386
SpongePowered/Sponge,java,1215,935,280,23.045267,384,341,43,11.197916
SpongePowered/SpongeAPI,ruby,3856,3377,479,12.422199,348,310,38,10.91954
sporkmonger/addressable,java,2066,1459,607,29.380447,291,218,73,25.08591
spotify/cassandra-reaper,java,435,386,49,11.264368,7,7,0,0.0
spotify/docker-client,java,430,369,61,14.186047,87,81,6,6.8965516
spotify/helios,java,491,339,152,30.957232,2,2,0,0.0
SpoutDev/Spout,java,221,132,89,40.271492,30,18,12,40.0
SpoutDev/Vanilla,ruby,73,44,29,39.72603,44,26,18,40.909092
spree-contrib/spree_active_shipping,ruby,362,254,108,29.834255,391,254,137,35.038364
spree-contrib/spree_i18n,ruby,1023,768,255,24.926685,457,292,165,36.105034
spree-contrib/spree_social,ruby,66,33,33,50.0,370,298,72,19.45946
spree-contrib/spree_wishlist,ruby,149,75,74,49.66443,139,64,75,53.956837
spree/spree,ruby,3147,1318,1829,58.118843,16274,5391,10883,66.873535
spree/spree_gateway,java,832,428,404,48.557693,483,316,167,34.57557
spring-cloud/spring-cloud-config,java,385,304,81,21.038961,35,25,10,28.57143
spring-io/sagan,java,301,256,45,14.950167,19,16,3,15.789473
spring-projects/spring-data-examples,java,140,107,33,23.571428,21,16,5,23.809525
springside/springside4,java,262,172,90,34.351147,7,4,3,42.857143
spullara/mustache.java,java,210,192,18,8.571429,9,8,1,11.111112
SQiShER/java-object-diff,java,200,196,4,2.0,5,5,0,0.0
square/android-times-square,java,234,148,86,36.752136,12,10,2,16.666668
square/assertj-android,java,292,225,67,22.945206,48,44,4,8.333334
square/dagger,java,683,598,85,12.445095,21,14,7,33.333336
square/javapoet,java,899,871,28,3.1145718,30,30,0,0.0
square/keywhiz,java,656,621,35,5.335366,2,2,0,0.0
square/moshi,java,380,374,6,1.5789473,6,6,0,0.0
square/okhttp,java,5669,3443,2226,39.266186,112,79,33,29.464287
square/okio,java,659,641,18,2.7314112,12,12,0,0.0
square/picasso,java,757,657,100,13.21004,42,40,2,4.7619047
square/retrofit,ruby,1455,1377,78,5.3608246,57,54,3,5.263158
square/wire,ruby,2366,2227,139,5.874894,5,5,0,0.0
sstephenson/execjs,ruby,810,372,438,54.074074,26,12,14,53.846157
sstephenson/sprockets,java,3458,2458,1000,28.918451,185,123,62,33.51351
stanfy/enroscar,ruby,114,38,76,66.66667,268,104,164,61.19403
steelThread/redmon,java,272,232,40,14.705883,56,43,13,23.214285
stephanenicolas/robospice,ruby,1468,544,924,62.94278,16,10,6,37.5
stevegraham/slanger,ruby,398,220,178,44.723618,18,6,12,66.66667
stripe/einhorn,ruby,708,514,194,27.40113,41,27,14,34.146343
stripe/mosql,java,168,151,17,10.119048,8,8,0,0.0
structr/structr,ruby,3870,2015,1855,47.932816,10,4,6,60.000004
sue445/rubicure,ruby,757,721,36,4.7556143,14,14,0,0.0
sul-dlss/spotlight,ruby,3551,3041,510,14.362152,6,3,3,50.0
sunitparekh/data-anonymization,ruby,528,442,86,16.287878,6,6,0,0.0
sunlightlabs/scout,ruby,2,2,0,0.0,1103,457,646,58.567543
sup-heliotrope/sup,ruby,1232,1048,184,14.935064,124,101,23,18.548388
supermarin/xcpretty,ruby,767,641,126,16.42764,700,541,159,22.714285
Sutto/rocket_pants,ruby,3264,1225,2039,62.469364,148,0,148,100.0
svenfuchs/gem-release,ruby,442,342,100,22.624435,36,23,13,36.11111
svenfuchs/rails-i18n,ruby,1152,1075,77,6.6840277,417,393,24,5.755396
swanson/stringer,ruby,867,819,48,5.536332,191,181,10,5.235602
swipely/docker-api,ruby,3328,2156,1172,35.216347,332,118,214,64.45783
syncany/syncany,java,875,801,74,8.457143,19,17,2,10.526316
t-oster/VisiCut,ruby,884,752,132,14.932127,58,42,16,27.586206
taganaka/polipus,java,599,505,94,15.6928215,29,17,12,41.37931
tananaev/traccar,ruby,1752,1704,48,2.739726,33,31,2,6.060606
taskrabbit/makara,ruby,4448,3244,1204,27.068346,386,246,140,36.26943
tchandy/octopus,ruby,1317,715,602,45.709946,223,85,138,61.883408
tdiary/tdiary-core,java,14292,10773,3519,24.622166,430,265,165,38.372093
teamed/qulice,ruby,1596,1434,162,10.150376,515,410,105,20.38835
teampoltergeist/poltergeist,ruby,1439,1137,302,20.986797,2801,1461,1340,47.840057
technicalpickles/homesick,ruby,444,388,56,12.612613,23,17,6,26.086956
tent/tentd,ruby,642,338,304,47.352024,6,4,2,33.333336
test-kitchen/kitchen-vagrant,ruby,650,626,24,3.6923077,100,89,11,11.0
test-kitchen/test-kitchen,ruby,11646,9799,1847,15.859522,1275,945,330,25.882355
test-unit/test-unit,java,460,268,192,41.73913,3099,2235,864,27.879963
TestFX/TestFX,java,222,188,34,15.315315,23,17,6,26.086956
thatJavaNerd/JRAW,ruby,694,488,206,29.682997,16,5,11,68.75
the-teacher/the_role,ruby,124,88,36,29.032257,13,9,4,30.769232
theforeman/foreman,ruby,24,1,23,95.83333,155,57,98,63.225807
thetron/mongoid_token,ruby,239,196,43,17.991632,20,14,6,30.000002
thibaudgg/video_info,java,1259,849,410,32.56553,57,47,10,17.54386
thinkaurelius/titan,ruby,986,243,743,75.35497,75,21,54,72.0
thinreports/thinreports-generator,ruby,956,729,227,23.74477,10,6,4,40.0
thorin/redmine_ldap_sync,ruby,1575,764,811,51.492065,10,10,0,0.0
thoughtbot/appraisal,ruby,839,821,18,2.1454113,247,235,12,4.8582997
thoughtbot/capybara-webkit,ruby,1665,984,681,40.9009,439,288,151,34.396355
thoughtbot/clearance,ruby,2055,1692,363,17.664232,646,453,193,29.87616
thoughtbot/factory_girl,ruby,4151,3176,975,23.488316,1573,850,723,45.963127
thoughtbot/factory_girl_rails,ruby,536,85,451,84.14179,368,53,315,85.597824
thoughtbot/flutie,ruby,899,630,269,29.922136,12,12,0,0.0
thoughtbot/gitsh,ruby,680,291,389,57.20588,50,22,28,56.0
thoughtbot/griddler,ruby,1081,951,130,12.025902,321,305,16,4.9844236
thoughtbot/high_voltage,ruby,1354,1003,351,25.92319,243,145,98,40.329216
thoughtbot/hound,ruby,1041,767,274,26.320845,55,31,24,43.636364
thoughtbot/kumade,ruby,9,9,0,0.0,389,210,179,46.015423
thoughtbot/paperclip,ruby,8630,5215,3415,39.571266,3434,2113,1321,38.468258
thoughtbot/paul_revere,ruby,452,424,28,6.19469,36,24,12,33.333336
thoughtbot/shoulda-matchers,ruby,9192,6590,2602,28.307224,2843,2055,788,27.7172
thoughtbot/suspenders,ruby,1443,972,471,32.64033,236,189,47,19.915255
ThoughtWorksStudios/eb_deployer,java,566,471,95,16.784452,57,38,19,33.333336
threerings/playn,ruby,299,272,27,9.030101,176,167,9,5.1136365
tigrish/devise-i18n,java,326,310,16,4.907975,56,55,1,1.7857144
tim-vandecasteele/grape-swagger,java,1749,1621,128,7.3184676,245,238,7,2.857143
timmolter/XChange,java,1895,1715,180,9.49868,82,60,22,26.82927
TimotheeJeannin/ProviGen,java,475,272,203,42.736843,5,0,5,100.0
tinkerpop/blueprints,java,1435,889,546,38.04878,53,41,12,22.64151
tinkerpop/gremlin,java,471,384,87,18.471338,39,30,9,23.076923
tinkerpop/rexster,java,1592,1270,322,20.226131,30,24,6,20.0
tjerkw/Android-SlideExpandableListView,ruby,63,1,62,98.4127,8,0,8,100.0
tmuxinator/tmuxinator,java,3192,2742,450,14.097744,1239,1141,98,7.909604
togglz/togglz,ruby,314,245,69,21.974522,39,30,9,23.076923
tom-lord/regexp-examples,ruby,482,419,63,13.07054,3,3,0,0.0
Tomohiro/airplayer,java,310,248,62,20.0,9,6,3,33.333336
tomp2p/TomP2P,ruby,267,17,250,93.63296,16,1,15,93.75
topfunky/gruff,ruby,1264,1027,237,18.75,103,62,41,39.80583
toptal/chewy,java,17846,15262,2584,14.479435,3325,2359,966,29.052633
torakiki/pdfsam,ruby,473,307,166,35.09514,5,4,1,20.0
torquebox/torquebox,ruby,559,268,291,52.057243,49,27,22,44.897957
toy/image_optim,ruby,3453,2864,589,17.05763,65,65,0,0.0
tpitale/legato,ruby,614,531,83,13.517915,19,14,5,26.31579
tpitale/staccato,java,496,463,33,6.6532264,8,8,0,0.0
trautonen/coveralls-maven-plugin,ruby,175,163,12,6.8571424,14,12,2,14.285715
travis-ci/travis-cookbooks,ruby,2797,2632,165,5.899178,177,141,36,20.338982
travis-ci/travis-core,ruby,12550,9583,2967,23.641434,632,492,140,22.1519
travis-ci/travis-yaml,ruby,339,287,52,15.339233,66,50,16,24.242424
travis-ci/travis.rb,ruby,4133,3446,687,16.622309,187,155,32,17.112299
travisjeffery/timecop,java,556,386,170,30.57554,96,51,45,46.875
trifork/erjang,ruby,97,63,34,35.051544,46,44,2,4.347826
troessner/reek,ruby,7861,7462,399,5.0756903,140,125,15,10.714286
troessner/transitions,ruby,1269,1106,163,12.844759,75,75,0,0.0
trulia/hologram,ruby,476,348,128,26.890759,51,47,4,7.8431377
tscolari/mobylette,ruby,383,284,99,25.848564,16,13,3,18.75
turboladen/tailor,java,198,129,69,34.848484,23,4,19,82.608696
twall/jna,ruby,266,180,86,32.330826,14,12,2,14.285715
twbs/bootstrap-sass,ruby,4075,2886,1189,29.177914,308,220,88,28.57143
twers/re-education,java,145,129,16,11.034483,10,8,2,20.0
twilio/twilio-java,ruby,411,393,18,4.379562,221,204,17,7.692308
twilio/twilio-ruby,java,4092,3542,550,13.440861,197,152,45,22.84264
twitter/cloudhopper-smpp,java,60,45,15,25.0,9,6,3,33.333336
twitter/commons,java,1516,246,1270,83.77309,119,16,103,86.55463
twitter/elephant-bird,java,257,217,40,15.564201,24,21,3,12.5
twitter/hbc,java,188,182,6,3.1914895,14,14,0,0.0
twitter/hraven,ruby,201,194,7,3.4825869,19,17,2,10.526316
twitter/secureheaders,ruby,2585,2272,313,12.108317,86,73,13,15.116279
twitter/twitter-cldr-rb,ruby,9829,6428,3401,34.60169,48,48,0,0.0
TwP/logging,java,696,154,542,77.873566,54,22,32,59.25926
typesafehub/config,ruby,217,212,5,2.3041475,23,22,1,4.347826
typhoeus/ethon,ruby,264,130,134,50.757576,2271,1314,957,42.140026
typhoeus/typhoeus,ruby,473,357,116,24.524313,3482,2354,1128,32.395176
typus/typus,java,657,369,288,43.835617,41,31,10,24.390244
undera/jmeter-plugins,java,740,550,190,25.675674,21,17,4,19.047619
Unicon/cas-addons,java,270,254,16,5.9259257,2,2,0,0.0
Unidata/thredds,java,6031,3094,2937,48.69839,95,33,62,65.26316
ushahidi/SMSSync,java,604,422,182,30.132452,26,10,16,61.538464
validator/validator,ruby,604,533,71,11.754967,41,40,1,2.4390242
vaneyckt/Jently,ruby,717,336,381,53.138077,101,63,38,37.623764
vcr/vcr,ruby,2270,1116,1154,50.837006,667,312,355,53.22339
venmo/slather,ruby,294,259,35,11.904762,27,25,2,7.4074073
venmo/synx,ruby,284,249,35,12.323943,26,18,8,30.769232
vigetlabs/sprig,ruby,520,330,190,36.53846,108,96,12,11.111112
voltrb/volt,ruby,3448,3195,253,7.3375874,360,327,33,9.166667
voormedia/rails-erd,ruby,2431,2217,214,8.802961,452,427,25,5.5309734
walle/gimli,java,315,230,85,26.984129,40,12,28,70.0
wasabeef/recyclerview-animators,ruby,151,57,94,62.251656,4,0,4,100.0
WeAreFarmGeek/diplomat,ruby,731,683,48,6.566347,58,55,3,5.172414
websocket-rails/websocket-rails,java,335,294,41,12.238806,19,16,3,15.789473
weld/core,ruby,430,373,57,13.255814,1130,1088,42,3.716814
weppos/whois,ruby,4325,3897,428,9.895953,299,250,49,16.38796
whichdigital/active-rest-client,ruby,451,395,56,12.416851,27,27,0,0.0
willdurand/puppet-nodejs,ruby,2587,2281,306,11.828373,167,144,23,13.772455
winebarrel/ridgepole,ruby,2086,1907,179,8.581017,35,15,20,57.14286
WinRb/vagrant-windows,ruby,371,324,47,12.668464,27,27,0,0.0
WinRb/WinRM,java,683,631,52,7.6134696,42,33,9,21.428572
woorea/openstack-java-sdk,ruby,141,113,28,19.858156,27,25,2,7.4074073
wr0ngway/rubber,ruby,510,251,259,50.784313,436,214,222,50.917427
wvanbergen/chunky_png,ruby,1132,902,230,20.318022,43,43,0,0.0
wvanbergen/request-log-analyzer,ruby,1790,1058,732,40.893856,210,128,82,39.04762
wvanbergen/state_machine-audit_trail,java,217,172,45,20.737328,38,24,14,36.842106
xerial/sqlite-jdbc,java,448,440,8,1.7857144,32,32,0,0.0
xetorthio/jedis,java,2793,2350,443,15.86108,457,386,71,15.536106
xtreemfs/xtreemfs,java,1960,1207,753,38.41837,33,17,16,48.484848
yegor256/rultor,ruby,563,516,47,8.348135,1182,754,428,36.209812
yob/pdf-reader,ruby,1405,902,503,35.80071,177,122,55,31.073444
yolk/valvat,ruby,830,672,158,19.036144,165,138,27,16.363636
youpy/ruby-lastfm,java,265,225,40,15.094339,54,42,12,22.222223
yui/yuicompressor,ruby,92,83,9,9.782609,20,18,2,10.0
yujinakayama/guard-rubocop,ruby,349,298,51,14.61318,6,2,4,66.66667
yuki24/did_you_mean,java,6878,5704,1174,17.068914,150,150,0,0.0
zanata/zanata-server,ruby,191,29,162,84.81676,47,6,41,87.23405
zdavatz/spreadsheet,ruby,1001,758,243,24.275724,318,296,22,6.9182386
zdennis/activerecord-import,java,440,343,97,22.045454,127,112,15,11.811024
zeapo/Android-Password-Store,ruby,279,210,69,24.731182,8,0,8,100.0
zeisler/active_mocker,ruby,2330,1748,582,24.97854,18,18,0,0.0
zendesk/samson,ruby,8507,6818,1689,19.854237,1140,958,182,15.964911
zeroturnaround/zt-exec,java,292,262,30,10.2739725,38,35,3,7.8947363
zeroturnaround/zt-zip,ruby,545,428,117,21.46789,32,24,8,25.0
zevarito/mixpanel,javascript,375,292,83,22.133333,129,85,44,34.10853
zhangkaitao/es,ruby,251,94,157,62.5498,4,1,3,75.0
zinenko/vk-ruby,ruby,499,321,178,35.67134,20,20,0,0.0
zmoazeni/csscss,ruby,150,137,13,8.666667,12,12,0,0.0
zquestz/omniauth-google-oauth2,java,865,797,68,7.8612714,203,171,32,15.763547
zxing/zxing,java,62,0,62,100.0,22,20,2,9.090909
